-0.0468202695061 2.61617811458 -0.570784320712 -0.0468202695061 2.61617811458 -0.570784320712
-0.914460823799 0.518225558521 0.0652651347632 -0.888484657472 0.533138151305 0.0579778677906
-0.387948825441 0.992084532415 0.377720227746 -0.161230489595 1.11894937422 0.811380489077
1.34250822946 -0.197502712961 1.93769662387 1.63966856588 0.053763737913 1.93312908647
-0.133956507385 0.264041772046 -0.49402629446 -0.133956507385 0.264041772046 -0.49402629446
-1.01402349166 -0.242222201719 -0.804611415381 -1.15136053281 -0.121001318365 -0.648404303462
-0.421162593852 -0.935938708369 -0.217253218833 -0.557728713621 -0.410234680267 0.273713256419
1.80486804303 1.8129358751 1.00602067282 1.80486804303 1.8129358751 1.00602067282
0.000506675139169 1.28936025431 -0.946176067853 0.625873053983 1.82281339013 -0.592887405298
-0.99685084594 0.303853234753 -1.40754442684 -1.17394572019 -0.427812350336 -1.07740443249
-0.257181380218 -0.620323868804 0.894020943446 -0.511194269398 -0.3206028343 0.708598205204
0.849431130611 0.499472964391 1.28202964516 0.596684124975 0.629312305373 0.476840348527
-0.140773607164 -0.258302727575 -1.51859955353 -0.425368702595 -0.324342780708 -1.1238135708
0.252964459738 0.0192644099781 2.25131754277 0.252964459738 0.0192644099781 2.25131754277
1.142079159 -0.41777746595 -0.716164040003 0.625241841137 -0.0932534003623 -0.261220549361
-0.722854147003 -0.688162746817 -2.31268285565 -0.722854147003 -0.688162746817 -2.31268285565
0.388039106481 -0.44797753027 -0.728325254897 0.401065032063 -1.15460523207 -0.949411477158
-1.41136871239 -0.536263398062 -0.581553125087 -1.56309572001 -0.576589639839 -0.476700060269
-0.915363675061 0.940971446559 -0.301439483522 -0.657557661027 0.710469950865 -0.58526719283
0.284998603949 -0.370260925485 -0.286913379753 0.153940459623 -0.150196463815 -0.206750348499
2.70526358207 -1.15760127144 -0.282764670237 2.70526358207 -1.15760127144 -0.282764670237
0.0903688684843 -0.386412411494 -0.079304704045 0.0208215259247 0.0332125523018 -0.805123190902
-1.281253712 -0.666281169375 1.22085099236 -1.281253712 -0.666281169375 1.22085099236
0.533453376728 -0.245803607086 -1.29494821446 0.533453376728 -0.245803607086 -1.29494821446
0.301148112523 -3.30697491882 0.739113613229 0.725322580803 -3.58547897689 0.681657520762
-0.511194269398 -0.3206028343 0.708598205204 0.327965567092 0.294107791519 0.760296233294
1.20197029419 -0.692003153109 1.27159616153 1.20197029419 -0.692003153109 1.27159616153
1.24667755462 0.161464918441 0.828526640527 1.24667755462 0.161464918441 0.828526640527
-0.812254243676 0.928285209304 0.90748255862 -0.497796307566 1.37018945033 0.694245241731
-0.690452829231 0.34833920068 0.328303090861 -0.88628207514 0.20823792854 -0.33741151478
1.34424887556 -0.165227291614 -0.485787945432 0.676535130241 -0.0590427840581 -0.864834834645
-5.53080773848 -1.5660771702 -3.77843675673 -5.53080773848 -1.5660771702 -3.77843675673
-0.350301506535 -1.52629540779 0.287000616509 -0.168440560766 -0.723016403273 0.26624075785
-0.0612717303257 -0.116371109665 -0.524856451765 0.386007749345 -0.230387732335 -0.21869058564
0.959345474145 -0.806422440526 -0.619576341794 0.782421047524 0.110734865354 -0.653427366157
-0.268588190511 -0.294623406345 0.0972173822298 -0.659520350184 -0.0142694772658 -0.0284980566246
0.180596688323 -0.936436506303 0.0319078002016 0.180596688323 -0.936436506303 0.0319078002016
0.509410719566 -1.31655764231 -1.03667282744 0.921731388673 -1.18356373991 -1.09809388642
-0.153857161804 -0.489435598065 0.071287472396 0.274206256866 -0.127643372491 0.176623063483
1.56141096442 0.20537249822 0.243430906083 0.902236999885 0.327457184622 0.379002211012
-4.32643981956 -0.987153392505 -3.48178076216 -4.32643981956 -0.987153392505 -3.48178076216
0.316672773607 -0.106920049601 0.0543634515855 0.765526626333 -0.418675041266 -0.312213884756
-0.571360220966 -1.32979564386 -0.630289688068 -0.245353949461 -1.56595944461 -0.885524344609
-0.8948054416 1.40533899127 0.241428092725 -0.8948054416 1.40533899127 0.241428092725
0.525827170626 1.40295818776 1.26760086229 0.512138341168 1.29867882149 0.987950651643
-2.09916142837 2.04531697909 1.2616236255 -2.05916736984 2.41825646086 1.86502066335
-0.925571889206 -0.0782232701225 -0.0110127758724 -1.23857888672 0.320315571236 -0.61078828784
-0.126131001467 0.0351582482191 -0.734962193139 0.243415922996 -0.127193081957 -0.429382461439
-0.0826378525742 0.228025753266 0.521108018731 -0.187330941922 0.318411692215 0.677936310019
-1.75741219325 -1.90992167425 3.8362731004 -1.75741219325 -1.90992167425 3.8362731004
3.20015232503 -1.51817159266 -0.514064538219 3.20015232503 -1.51817159266 -0.514064538219
-0.527080149485 0.473148907259 0.0371013132498 -0.227659459812 0.420236283741 -0.596519756079
-2.03991418999 1.72588287947 1.06239425827 -2.03991418999 1.72588287947 1.06239425827
0.958891704543 -1.35043144186 1.86926980017 0.958891704543 -1.35043144186 1.86926980017
-0.600062213969 0.12962135386 0.869568577364 -0.5223555029 1.0607665422 0.882681856914
1.59165856498 -1.69835198483 -0.840070532542 0.932118601548 -1.45734862729 -0.631410711666
-0.0307299481453 -0.585120499668 1.67799123341 0.141810718645 -0.106406468376 1.53116856411
-0.581370556189 -1.14873669005 -0.94339652345 -0.771099523494 -1.09401611124 -1.91205423871
1.04143732611 -3.58441701442 -4.55054468914 1.04143732611 -3.58441701442 -4.55054468914
-1.28752231156 -1.13536929835 -0.298936822724 -1.3157093997 -0.660627755307 0.0702177456149
0.703026156279 -0.532870925833 -0.935666095337 0.962435921551 -0.591274507404 -0.639585472294
0.902236999885 0.327457184622 0.379002211012 -0.0826378525742 0.228025753266 0.521108018731
-0.177833107821 -1.60360622404 -0.793812510702 -0.315356397873 -1.43673447243 -0.413399754222
-0.248915034924 0.880247904955 0.934039263066 0.525827170626 1.40295818776 1.26760086229
-0.777694079017 -0.511768205162 -4.6146823144 -0.777694079017 -0.511768205162 -4.6146823144
-0.0375413538681 -0.589316313273 -0.487957899653 0.515361388991 0.997242160304 -0.152518155999
-0.33722805815 -0.812807669854 -0.655137776672 -0.33722805815 -0.812807669854 -0.655137776672
0.440873225756 0.0208940956579 -0.937998860493 0.661228629494 -0.263908717833 -0.83417278779
-0.104455295322 1.27092159525 0.436255789497 -0.0343243616558 0.937890627801 0.414510534289
1.8506405549 -0.548409852387 -0.470750599143 1.18978307992 -0.0872625248621 -0.331448472634
4.39287766115 -1.75405052924 -1.1351874308 4.39287766115 -1.75405052924 -1.1351874308
1.45247679676 0.174875705601 -0.566358804185 1.54343089315 0.075818414936 -0.590007422212
-3.76440044647 2.08177424914 0.489193098006 -3.76440044647 2.08177424914 0.489193098006
-0.0657454754256 0.786304238564 -0.908891057378 0.56976698666 1.48726378941 -1.04174041874
-0.873768235284 1.28388643817 -0.417362208427 -0.915363675061 0.940971446559 -0.301439483522
0.412191507887 -1.81709257698 0.352728399114 0.804751009853 -1.99795472159 0.185167198951
0.587644990673 -0.388200667152 -1.4835899363 1.35067489216 -0.308276289181 -1.08461826994
0.919977719993 -4.2517317535 2.1455972261 0.919977719993 -4.2517317535 2.1455972261
-1.98790962153 2.03831823452 1.67155707805 -2.09916142837 2.04531697909 1.2616236255
-0.0714608760292 1.64730811205 0.225616271994 -0.0714608760292 1.64730811205 0.225616271994
1.53087601982 1.67609751305 -0.0697525551505 1.48310080036 0.785464565617 -0.0325686478236
-2.74352441127 -0.370693993616 1.46320173287 -2.74352441127 -0.370693993616 1.46320173287
-0.798092627451 -1.10313445858 -0.876008580387 0.0251969303161 -0.74367448583 -0.0558250401721
-0.860667925345 0.308670038021 -0.214170097496 -0.917812925971 0.301242076774 0.206584831236
0.0208215259247 0.0332125523018 -0.805123190902 -0.290193911903 0.328940819303 -0.415493895473
0.0974707601292 0.690004494909 0.992353204848 0.2125354263 0.0262639430003 1.37514167631
-0.00741399858792 -0.291766469682 0.154469912217 0.0920348867958 -0.382184251038 0.263144747982
0.625873053983 1.82281339013 -0.592887405298 0.592674445972 0.355691331069 0.105866371387
-0.804424370144 0.0475876229751 1.35287490054 -0.804424370144 0.0475876229751 1.35287490054
2.0165432179 3.4918627337 0.470902893023 2.0165432179 3.4918627337 0.470902893023
-0.393058696357 1.41618357203 0.267755760449 -0.419693113907 0.83313648455 0.695033326737
-2.3141359613 3.41419096023 -2.82400705518 -2.3141359613 3.41419096023 -2.82400705518
1.1276914775 0.318297125564 1.111688825 0.262113136408 -0.792706770822 0.472093877787
-0.169255211987 1.02715926753 0.962034578287 -0.812254243676 0.928285209304 0.90748255862
-2.11088567912 0.735756482576 0.754263047457 -2.11088567912 0.735756482576 0.754263047457
0.807261558816 0.90483336458 -0.109744596289 0.828027010992 0.678340652076 -0.00849824848551
-1.46359976042 4.51538986034 -2.19612686161 -1.46359976042 4.51538986034 -2.19612686161
0.299572007536 -0.575803746706 0.326123584484 0.355519496449 -0.126586765873 0.125517360531
0.0920348867958 -0.382184251038 0.263144747982 0.0903688684843 -0.386412411494 -0.079304704045
-2.28212780866 0.929459029378 -2.63920035019 -2.12352593295 1.01049380938 -1.84721543903
0.517452668252 0.0997689611434 -0.473798594612 0.959345474145 -0.806422440526 -0.619576341794
-0.970992795703 -1.47273788989 -1.02123007188 -0.204146677159 -1.81178258926 -0.579659270252
0.35505434131 0.343373975633 0.106947316541 0.335663530018 0.510254402821 -0.0105005165085
-0.917812925971 0.301242076774 0.206584831236 -0.860667925345 0.308670038021 -0.214170097496
0.962435921551 -0.591274507404 -0.639585472294 1.52132642832 -0.329438553789 -0.707840148209
-0.545586545192 -0.122832360357 -1.50147259579 -0.545586545192 -0.122832360357 -1.50147259579
-1.14201599469 0.18779051421 -0.823960852736 -1.07132423759 -0.164002092416 -1.18460504258
-0.659520350184 -0.0142694772658 -0.0284980566246 -1.05064025923 0.685985570936 -0.151099341972
-1.12084102309 -0.235824411752 -0.128521712577 -1.0893145926 0.0345253813581 -1.3395381851
1.52733557652 -0.749402104559 2.40332158732 1.52733557652 -0.749402104559 2.40332158732
-7.2766561779 -0.809172709081 -0.202473915355 -7.2766561779 -0.809172709081 -0.202473915355
0.560196860832 -1.57749313804 1.16548692077 0.560196860832 -1.57749313804 1.16548692077
-3.0468034194 1.70578045228 -1.04117667784 -3.0468034194 1.70578045228 -1.04117667784
0.196098142542 -1.33310215401 -2.53865014187 0.378942565368 -1.61850143874 -2.38003888355
1.46321833452 1.11107521057 0.181677929388 1.46321833452 1.11107521057 0.181677929388
0.921731388673 -1.18356373991 -1.09809388642 0.509410719566 -1.31655764231 -1.03667282744
0.0922455305394 -1.13106400394 -0.196389625795 0.49272084518 -0.80344996529 -0.716342763733
0.0284180191991 -0.117315390546 0.498249542128 1.00796685056 -0.282777452278 0.858106760275
-0.380883669683 -1.40948471932 -0.359990640726 -0.421162593852 -0.935938708369 -0.217253218833
0.749560032233 0.608460916982 0.546446581056 0.217389882827 1.07381759292 -0.198683787997
-4.98377718419 1.1395825769 -1.45058004453 -4.98377718419 1.1395825769 -1.45058004453
0.335663530018 0.510254402821 -0.0105005165085 0.238588361594 0.0393143520074 -0.0445532206113
-0.136193159474 2.42238016289 -3.13422148166 -0.136193159474 2.42238016289 -3.13422148166
0.2125354263 0.0262639430003 1.37514167631 0.849431130611 0.499472964391 1.28202964516
-0.497796307566 1.37018945033 0.694245241731 -1.10759526799 0.899677016249 1.06180392321
0.262113136408 -0.792706770822 0.472093877787 -0.268588190511 -0.294623406345 0.0972173822298
-0.234954702664 0.105962292661 0.354116217839 0.140553775421 -0.696071047027 -0.343225974308
0.592976961075 0.0712110232593 -0.299125804459 0.309484613298 -0.923588044471 -0.449523687365
0.676535130241 -0.0590427840581 -0.864834834645 1.45247679676 0.174875705601 -0.566358804185
-2.22084058751 0.887301344744 -0.899235878322 -2.55358395765 0.988110787233 -0.790133128697
0.29044347984 -0.464711841424 -0.740033893255 -0.333337264395 -0.74535654393 -0.668331459578
-2.22887103137 -0.616197406222 -3.24737420711 -2.22887103137 -0.616197406222 -3.24737420711
0.0791175265193 1.65584156949 -0.266932862597 -0.0509624831353 1.37407578875 -0.0887823848276
1.59572890434 0.0343072478497 -0.43000893066 1.8506405549 -0.548409852387 -0.470750599143
-2.79702290426 -2.99261153173 -0.353113976087 -2.79702290426 -2.99261153173 -0.353113976087
-0.290193911903 0.328940819303 -0.415493895473 -0.331515918269 0.0153448252754 0.299258739357
3.12843067593 0.547202750608 -2.19744088622 3.12843067593 0.547202750608 -2.19744088622
0.243415922996 -0.127193081957 -0.429382461439 0.0922455305394 -1.13106400394 -0.196389625795
-2.16102433007 -0.449287535964 1.27937871905 -2.16102433007 -0.449287535964 1.27937871905
-0.870537497032 -0.660673165481 -1.03850717171 -0.870537497032 -0.660673165481 -1.03850717171
-0.269824125921 -0.655311004069 -1.96652150618 -0.457531982239 -0.346366681274 -1.72948902935
0.368194536046 0.205092152704 0.230561937625 0.872319353 0.452670112651 -0.298778030807
0.423951419082 -0.702547653674 2.00078493945 1.13127148537 0.0344044492618 1.31175503293
-0.792801328352 0.407360162344 -2.39645595558 -0.792801328352 0.407360162344 -2.39645595558
1.00796685056 -0.282777452278 0.858106760275 1.06377442164 -0.529393821664 1.17312943821
1.82751272729 1.84427462323 2.69464539222 1.82751272729 1.84427462323 2.69464539222
-4.5768918816 4.11424100837 -1.00174039381 -4.5768918816 4.11424100837 -1.00174039381
-0.412827402296 1.5935846924 1.16668168547 -0.412827402296 1.5935846924 1.16668168547
-1.09924048115 -0.708492314808 0.277696470224 -1.28752231156 -1.13536929835 -0.298936822724
-1.33863967282 0.025143224963 -0.517382983091 -0.367085890302 0.323755130988 -0.93868469465
-1.48342371563 0.703025733458 1.78715802376 -1.39373076697 0.520188827131 2.17614001636
0.13771890121 -0.140976510304 -0.292256939744 -0.519962183458 -0.276249577744 0.33668271625
1.18806150043 0.877387365215 -0.57843659661 0.639441183509 1.51878179068 -0.324879798688
-0.0983056443363 0.7475185096 -0.812309376193 -0.482017473375 1.10055841343 -0.477436581416
0.373645772069 0.535076621871 0.499510429305 1.1276914775 0.318297125564 1.111688825
-0.923819951521 0.403228788224 -0.911269275482 -1.59686470237 0.0827215384191 -0.584439508388
0.295518480322 -1.70564786549 -0.354607998038 0.177558030408 -0.943168772394 0.300712167573
-3.71877355983 0.848939067777 1.83234238568 -3.27225438653 1.25147160109 2.22902052308
0.740257960115 -1.62214853798 -0.500695890202 0.458027488229 -1.54013459661 -0.772858067468
1.56793140494 0.209789295813 0.812065279357 1.56793140494 0.209789295813 0.812065279357
2.7077253508 -3.7906862912 -0.876566152089 2.7077253508 -3.7906862912 -0.876566152089
-1.27877532852 -2.08391553909 1.79588378114 -1.27877532852 -2.08391553909 1.79588378114
0.639441183509 1.51878179068 -0.324879798688 1.1497854878 1.31947629286 -0.532575974944
3.5575673225 0.296187976408 0.236959168503 3.5575673225 0.296187976408 0.236959168503
-0.396940638237 0.825746509781 0.699955618848 -0.150621831075 0.84626390656 0.0235842547511
0.933168450764 1.01958092874 -0.906047652975 1.18806150043 0.877387365215 -0.57843659661
0.341606626546 0.0384205974356 -0.763572596066 0.848283154093 -0.0814020985884 -0.95261391403
-0.204607012311 2.01298889328 -4.2114403014 -0.204607012311 2.01298889328 -4.2114403014
3.78049582896 0.422390218373 4.27239956468 3.78049582896 0.422390218373 4.27239956468
1.91945376512 0.346985914262 -0.393039307996 1.91945376512 0.346985914262 -0.393039307996
1.19771118141 0.315779399587 0.759988069325 1.19771118141 0.315779399587 0.759988069325
0.458027488229 -1.54013459661 -0.772858067468 0.456286328122 -1.59530086026 -0.214441524702
0.274206256866 -0.127643372491 0.176623063483 0.0284180191991 -0.117315390546 0.498249542128
-0.107735073287 -0.595799660636 0.401450379076 -0.237006623581 -0.479391975206 -0.104314811972
1.5173858479 0.117304658153 -3.55070389893 1.5173858479 0.117304658153 -3.55070389893
0.56976698666 1.48726378941 -1.04174041874 0.642283195509 1.25172399961 0.0782102545673
0.958189984417 -2.34348499374 -0.255170906692 0.831816785493 -2.36219218783 -0.340370765033
0.568619221414 0.607526863181 -0.121013158794 0.481612758522 0.698928134095 -0.568928072649
1.13127148537 0.0344044492618 1.31175503293 1.3033908076 0.311303682036 0.691041425167
0.144100967984 -0.418099890386 -0.608250683913 -0.0781296277589 -0.13702344619 -0.390175335722
-1.53087827388 1.75742850744 -3.79535597407 -1.53087827388 1.75742850744 -3.79535597407
-0.375409928953 0.442486503347 -0.22849978494 -0.527080149485 0.473148907259 0.0371013132498
-0.45487191542 1.4443103695 -0.0856758429551 -0.325218427023 1.37004516427 -0.791099271325
0.0666922588319 0.601950210842 -0.639274849802 0.886593059048 1.14181110638 -0.305478726506
-2.44334316132 1.58049224331 1.5616608203 -2.44334316132 1.58049224331 1.5616608203
-1.13275430781 0.0983538359619 0.838931530882 -0.752417464519 0.11513872413 0.21148368373
0.752271087006 1.32489074284 -0.672995089108 -0.0983056443363 0.7475185096 -0.812309376193
-1.10759526799 0.899677016249 1.06180392321 -0.40267800164 0.312209682342 0.738056917196
0.367567707293 -3.7614718045 0.277717834944 0.516663559575 -3.88915476156 0.905528777504
1.1338609317 -0.141478618493 -1.4313779969 0.805175881906 0.353861964516 -0.672405763239
-2.12352593295 1.01049380938 -1.84721543903 -2.28212780866 0.929459029378 -2.63920035019
0.96573450874 -1.55447972647 0.795515686782 0.96573450874 -1.55447972647 0.795515686782
1.39226714329 -1.14882452242 -0.883940658846 0.810178863254 -1.73211710803 -1.34288921304
-1.3312914313 -0.0451860437298 1.06091593697 -1.47662283907 -0.665763606406 0.594937406877
-1.0893145926 0.0345253813581 -1.3395381851 -0.99685084594 0.303853234753 -1.40754442684
-0.810776448075 1.00281701024 0.787941616375 -0.810776448075 1.00281701024 0.787941616375
0.59372023615 -0.309774431083 -0.790370237301 1.59572890434 0.0343072478497 -0.43000893066
-0.325151393877 -1.94834912288 -1.09997066799 -0.325151393877 -1.94834912288 -1.09997066799
1.77848754278 0.900298907754 2.63971171215 1.77848754278 0.900298907754 2.63971171215
0.0155235301378 -0.331805285197 0.398880991683 0.568619221414 0.607526863181 -0.121013158794
0.743501895516 1.59593819961 0.0286976511232 0.561523181897 0.825847921194 -0.016064832809
-2.85478092555 0.79365741955 -0.953333778993 -2.85478092555 0.79365741955 -0.953333778993
-0.0464404403771 -1.38484301603 -0.192194990948 0.233747921529 -1.07795272524 0.281648784733
0.15558694635 0.260927108483 -0.00709802702714 -0.0817991795546 -0.157941960448 -0.109012028799
1.73201525807 -0.800188748278 2.27323119233 1.73201525807 -0.800188748278 2.27323119233
0.958127207297 -0.179535886494 -0.0487414928113 0.958127207297 -0.179535886494 -0.0487414928113
-0.367085890302 0.323755130988 -0.93868469465 -0.0657454754256 0.786304238564 -0.908891057378
0.851681749848 -1.67911938621 -5.73672281406 0.851681749848 -1.67911938621 -5.73672281406
-0.325218427023 1.37004516427 -0.791099271325 -0.766359091542 1.34153272966 -0.394265770238
0.765526626333 -0.418675041266 -0.312213884756 1.51680554841 -0.621196297897 0.11032239521
-2.52139247019 0.0731146284822 -4.59743215532 -2.52139247019 0.0731146284822 -4.59743215532
0.309484613298 -0.923588044471 -0.449523687365 0.29044347984 -0.464711841424 -0.740033893255
0.479456996402 0.975773584464 1.0997686518 0.099360605243 0.880260693463 0.848552595302
0.0248406179105 -1.38640947368 -0.690093847303 -0.177833107821 -1.60360622404 -0.793812510702
1.18978307992 -0.0872625248621 -0.331448472634 0.35505434131 0.343373975633 0.106947316541
1.10538981933 1.15657088179 0.624233448718 0.717864131509 0.644121624798 0.929167659917
-1.21484934736 1.60528788816 -0.548861469666 -0.873768235284 1.28388643817 -0.417362208427
-1.39373076697 0.520188827131 2.17614001636 -1.48342371563 0.703025733458 1.78715802376
0.0965614601717 1.26976400998 -1.08440586543 0.0965614601717 1.26976400998 -1.08440586543
0.625241841137 -0.0932534003623 -0.261220549361 0.592976961075 0.0712110232593 -0.299125804459
2.55763636621 -3.21320476763 -1.20296463412 2.55763636621 -3.21320476763 -1.20296463412
1.40650192806 -1.32498991701 1.65588178729 1.40650192806 -1.32498991701 1.65588178729
5.36085716276 3.43654108878 1.25157250252 5.36085716276 3.43654108878 1.25157250252
0.512138341168 1.29867882149 0.987950651643 -0.0688400912278 0.709456062059 0.90694138931
-0.557728713621 -0.410234680267 0.273713256419 -1.12084102309 -0.235824411752 -0.128521712577
0.45096854537 3.47059580988 -0.143954320364 0.45096854537 3.47059580988 -0.143954320364
-0.964702519699 3.87726810539 2.5958750881 -0.964702519699 3.87726810539 2.5958750881
1.06377442164 -0.529393821664 1.17312943821 -0.0307299481453 -0.585120499668 1.67799123341
0.664820577433 2.32705730077 1.96288244175 0.664820577433 2.32705730077 1.96288244175
3.85456330544 -1.43908885897 -4.6999884941 3.85456330544 -1.43908885897 -4.6999884941
0.331772585175 0.812957700898 1.20115429222 0.0974707601292 0.690004494909 0.992353204848
0.481612758522 0.698928134095 -0.568928072649 -0.102623325306 -0.0757229562667 -0.675623313722
0.519214623357 -0.803581622604 -0.245624451365 0.0663948754357 -0.459687092843 0.0966881187913
-0.0231878179724 0.381214285522 -1.89002325123 -0.0231878179724 0.381214285522 -1.89002325123
0.886593059048 1.14181110638 -0.305478726506 1.53087601982 1.67609751305 -0.0697525551505
-3.9433639857 -1.04275844238 -3.28681864352 -3.9433639857 -1.04275844238 -3.28681864352
4.44518934287 0.886584172962 -1.29180887895 4.44518934287 0.886584172962 -1.29180887895
-0.981068720747 -1.51942557534 -0.0839831078205 -1.62331277166 -0.936533736946 -0.0780542651651
1.48310080036 0.785464565617 -0.0325686478236 0.189181179367 0.67208111657 -0.722821735625
-0.315356397873 -1.43673447243 -0.413399754222 -0.733014621317 -1.18656185427 -0.106891360302
0.530554163936 -0.575614331023 0.167087208651 0.0936441233502 -0.649539361063 0.535985169413
-0.559928702172 0.575380940826 0.61018617861 -0.104455295322 1.27092159525 0.436255789497
-2.55358395765 0.988110787233 -0.790133128697 -2.22084058751 0.887301344744 -0.899235878322
0.415942826677 1.20788477552 0.46222868883 -0.248915034924 0.880247904955 0.934039263066
4.39775377071 -1.9835903019 1.72775757355 4.39775377071 -1.9835903019 1.72775757355
0.489223888617 2.84663040656 4.79614263882 0.489223888617 2.84663040656 4.79614263882
0.484072685267 1.31082737809 -0.197407709907 0.702602786674 1.32145197522 -0.374957828429
-0.0326127528184 0.220676135159 -0.566454746526 -0.140773607164 -0.258302727575 -1.51859955353
1.27655816888 0.126024125804 -0.114451771958 1.27655816888 0.126024125804 -0.114451771958
-0.54026947824 0.192780128715 0.798778506039 -0.559928702172 0.575380940826 0.61018617861
1.16460639826 0.172105479254 -0.0141986323382 1.56141096442 0.20537249822 0.243430906083
0.596684124975 0.629312305373 0.476840348527 0.749560032233 0.608460916982 0.546446581056
-0.343387139101 -0.774141172897 -1.29869945674 -0.0612717303257 -0.116371109665 -0.524856451765
-3.38602879924 0.923075559868 -3.0515140663 -3.38602879924 0.923075559868 -3.0515140663
1.51680554841 -0.621196297897 0.11032239521 1.17777350393 -0.155123027849 0.550857734848
-0.67939170267 -0.87841371883 -0.0599333651057 -0.107735073287 -0.595799660636 0.401450379076
-0.0688400912278 0.709456062059 0.90694138931 0.726330410391 1.02242111339 0.516430134156
-0.623977624307 -0.733380163138 -0.160122100643 -0.571360220966 -1.32979564386 -0.630289688068
0.348726050999 -1.64415994511 -0.9208240505 0.4308542387 -1.61781501427 -1.1817000352
0.590316738561 0.40215505506 0.698597293901 0.373645772069 0.535076621871 0.499510429305
0.456286328122 -1.59530086026 -0.214441524702 -0.0464404403771 -1.38484301603 -0.192194990948
-2.28678142913 -3.0704736919 -1.96121191749 -2.28678142913 -3.0704736919 -1.96121191749
-0.237784504813 -0.128889766131 0.724418413955 -0.925571889206 -0.0782232701225 -0.0110127758724
0.810178863254 -1.73211710803 -1.34288921304 1.39226714329 -1.14882452242 -0.883940658846
0.138614857366 0.283104724793 -0.583818073768 0.59372023615 -0.309774431083 -0.790370237301
0.726330410391 1.02242111339 0.516430134156 0.807261558816 0.90483336458 -0.109744596289
-1.58568353071 -0.0428725313736 -1.13088345853 -1.75681029614 0.35291359496 -1.00863390352
0.515361388991 0.997242160304 -0.152518155999 0.484072685267 1.31082737809 -0.197407709907
0.618426457734 3.73430867028 3.11441784776 0.618426457734 3.73430867028 3.11441784776
1.63966856588 0.053763737913 1.93312908647 1.34250822946 -0.197502712961 1.93769662387
-1.1287159257 1.96191345961 2.82348289342 -1.1287159257 1.96191345961 2.82348289342
0.678569294487 0.262113253268 -0.38603559354 0.678569294487 0.262113253268 -0.38603559354
0.51419368958 -0.729136314399 -0.109286970082 0.833722413174 -1.98455286953 0.214607591666
-0.183423741586 1.25389251444 -0.192825489602 -0.393058696357 1.41618357203 0.267755760449
0.726488049813 -1.55304084588 -1.35517115981 0.740257960115 -1.62214853798 -0.500695890202
0.436204900542 -1.81434392448 1.67952623195 0.436204900542 -1.81434392448 1.67952623195
-0.761097449462 -1.69526893267 -0.675886130363 0.796852697014 -1.37694068773 -1.1919896387
-1.06938478971 0.185478336555 -0.967646629956 -0.974130022265 -0.396622370054 -0.957440742736
0.88901787625 0.0132106455726 -0.638041982736 1.01984502973 -0.231983754845 -1.17373688031
0.35123503868 -0.344620687138 -0.737601633386 0.35123503868 -0.344620687138 -0.737601633386
-3.51765477733 1.70132095182 0.21172219852 -3.51765477733 1.70132095182 0.21172219852
-0.246704038309 2.73964292135 -1.8472670104 -0.246704038309 2.73964292135 -1.8472670104
0.505339556459 -0.128050911553 -0.400858654462 0.490086694153 0.225310795701 0.471872059621
0.848283154093 -0.0814020985884 -0.95261391403 1.142079159 -0.41777746595 -0.716164040003
0.586029926164 0.205667596582 0.47862553484 0.236341568025 0.275166182403 -0.29308647367
0.805175881906 0.353861964516 -0.672405763239 0.88901787625 0.0132106455726 -0.638041982736
-0.237989701372 1.09116543621 0.491727887106 -0.490816561831 1.04434400045 0.870098247716
-2.05916736984 2.41825646086 1.86502066335 -1.98790962153 2.03831823452 1.67155707805
-1.05012464405 -0.334097906948 0.333963215786 -0.984229043662 -0.151070283483 0.829914209563
-0.237006623581 -0.479391975206 -0.104314811972 0.208242215144 0.525504696684 0.472794273722
2.11404725224 3.17344605699 -0.0719307763753 2.11404725224 3.17344605699 -0.0719307763753
-0.668107850859 0.978515359902 0.0972469757099 -0.914460823799 0.518225558521 0.0652651347632
1.35067489216 -0.308276289181 -1.08461826994 0.703026156279 -0.532870925833 -0.935666095337
0.194854413097 -0.847320267857 -1.02838732157 0.0248406179105 -1.38640947368 -0.690093847303
0.140553775421 -0.696071047027 -0.343225974308 0.51419368958 -0.729136314399 -0.109286970082
0.265599663185 -0.296889342539 -0.140396804402 1.17062408308 0.332653108887 -0.216755180177
-0.466274411397 0.95384985794 0.647293908098 0.123850141669 0.984063213446 0.26759095449
-3.69622462917 1.25909933796 2.14378074458 -3.71877355983 0.848939067777 1.83234238568
1.01984502973 -0.231983754845 -1.17373688031 1.1338609317 -0.141478618493 -1.4313779969
-0.888484657472 0.533138151305 0.0579778677906 -0.25378885152 0.795054383988 -0.245306707308
0.265772277131 2.41750113767 0.644125919069 0.265772277131 2.41750113767 0.644125919069
1.13182920199 -0.513543308674 2.47269729801 1.13182920199 -0.513543308674 2.47269729801
-1.15136053281 -0.121001318365 -0.648404303462 -1.58568353071 -0.0428725313736 -1.13088345853
0.099360605243 0.880260693463 0.848552595302 0.415942826677 1.20788477552 0.46222868883
-2.81132000357 1.52292417723 1.71729833056 -2.81132000357 1.52292417723 1.71729833056
1.78705425061 -0.796579905471 3.17187716392 1.78705425061 -0.796579905471 3.17187716392
0.0936441233502 -0.649539361063 0.535985169413 0.512807605657 -0.191956710954 0.485501086654
-1.56309572001 -0.576589639839 -0.476700060269 -0.798092627451 -1.10313445858 -0.876008580387
-0.372283663332 0.61205443735 0.871275222898 -0.506378802766 0.723418421102 0.935457732143
-0.245353949461 -1.56595944461 -0.885524344609 0.295518480322 -1.70564786549 -0.354607998038
-1.2030216286 3.10405325633 -0.552197170476 -1.2030216286 3.10405325633 -0.552197170476
0.141810718645 -0.106406468376 1.53116856411 0.423951419082 -0.702547653674 2.00078493945
-0.37753131806 2.08889461164 -0.332493355678 -0.37753131806 2.08889461164 -0.332493355678
0.932118601548 -1.45734862729 -0.631410711666 0.29838807581 -1.72495395126 -1.0741630564
0.012084679941 1.39902949956 0.0918121661458 0.0791175265193 1.65584156949 -0.266932862597
-0.205057140435 -0.374398171831 -2.18495412611 -0.269824125921 -0.655311004069 -1.96652150618
-1.56503928116 0.569561637757 3.0806949927 -1.56503928116 0.569561637757 3.0806949927
1.34949255214 0.763141501645 0.34519179943 0.479456996402 0.975773584464 1.0997686518
1.88875107651 -3.24893321016 0.91576937746 1.88875107651 -3.24893321016 0.91576937746
2.14456870241 2.96392643897 -1.1408598781 2.14456870241 2.96392643897 -1.1408598781
-0.0348629270874 -2.9336179699 -0.0419506469823 -0.0348629270874 -2.9336179699 -0.0419506469823
-0.974130022265 -0.396622370054 -0.957440742736 -0.0375413538681 -0.589316313273 -0.487957899653
1.52132642832 -0.329438553789 -0.707840148209 0.752698438876 -0.142603908514 -0.408584662217
0.355519496449 -0.126586765873 0.125517360531 0.0155235301378 -0.331805285197 0.398880991683
0.4308542387 -1.61781501427 -1.1817000352 0.11354045751 -1.46736911282 -1.06076710515
-0.0108603343218 -0.621974158626 0.416486017645 0.530554163936 -0.575614331023 0.167087208651
1.25198424695 1.37127007953 -0.380788932741 1.10538981933 1.15657088179 0.624233448718
0.702602786674 1.32145197522 -0.374957828429 0.67184173712 1.307014075 -0.0605178254455
-0.25378885152 0.795054383988 -0.245306707308 -0.611041807206 1.22598919666 0.0478622785768
-1.44150995023 -1.51613896287 1.27466218148 -1.44150995023 -1.51613896287 1.27466218148
3.23956449209 -3.54895255199 3.62757724535 3.23956449209 -3.54895255199 3.62757724535
0.208242215144 0.525504696684 0.472794273722 -0.237989701372 1.09116543621 0.491727887106
0.107263218434 -0.401047412918 -1.39479206301 0.440873225756 0.0208940956579 -0.937998860493
1.01454753975 -0.0232379210859 0.681610071303 1.01454753975 -0.0232379210859 0.681610071303
-0.237248003841 -1.08783483668 -1.45132691569 -0.343387139101 -0.774141172897 -1.29869945674
-0.417968748133 -1.16405004808 -0.920664434013 -0.761097449462 -1.69526893267 -0.675886130363
0.350329475902 1.2135903747 -0.621611369109 0.752271087006 1.32489074284 -0.672995089108
0.123850141669 0.984063213446 0.26759095449 -0.237784504813 -0.128889766131 0.724418413955
1.68665982272 -1.85917297636 -2.72614478647 1.50368904361 -2.100414603 -2.97173490584
1.05313010277 -0.830036613497 -1.81357879764 1.05313010277 -0.830036613497 -1.81357879764
-1.07132423759 -0.164002092416 -1.18460504258 -1.06938478971 0.185478336555 -0.967646629956
0.831816785493 -2.36219218783 -0.340370765033 1.59165856498 -1.69835198483 -0.840070532542
-1.23857888672 0.320315571236 -0.61078828784 -0.754777161494 0.240046004915 -0.438636924847
0.289972534021 -0.1533295903 -0.228557867908 0.481000524365 -0.659539921164 -0.0973152058348
0.0251969303161 -0.74367448583 -0.0558250401721 -0.520684814071 -1.04837671095 -0.712495995851
0.29838807581 -1.72495395126 -1.0741630564 0.348726050999 -1.64415994511 -0.9208240505
0.481000524365 -0.659539921164 -0.0973152058348 0.265599663185 -0.296889342539 -0.140396804402
-0.581287952377 0.844343380863 0.65684804703 -0.372283663332 0.61205443735 0.871275222898
0.49272084518 -0.80344996529 -0.716342763733 -0.581370556189 -1.14873669005 -0.94339652345
1.49912318315 0.533126048374 -0.337213603198 0.970977269366 0.420558017451 -0.792667815739
0.233747921529 -1.07795272524 0.281648784733 0.00646687843422 -0.721445147095 0.662964090739
-0.526652327256 0.647535720306 -0.955834091386 -0.74699992427 0.311685967236 -0.858015239933
0.453205392022 2.2946618632 2.39008924115 0.453205392022 2.2946618632 2.39008924115
0.642283195509 1.25172399961 0.0782102545673 0.743501895516 1.59593819961 0.0286976511232
0.67184173712 1.307014075 -0.0605178254455 0.012084679941 1.39902949956 0.0918121661458
-0.0509624831353 1.37407578875 -0.0887823848276 -0.183423741586 1.25389251444 -0.192825489602
0.729444530509 -1.94724937426 -1.1446143968 0.729444530509 -1.94724937426 -1.1446143968
-0.506378802766 0.723418421102 0.935457732143 0.331772585175 0.812957700898 1.20115429222
0.965753286379 0.440498382313 -1.01846073322 -0.126131001467 0.0351582482191 -0.734962193139
-0.771099523494 -1.09401611124 -1.91205423871 -0.970992795703 -1.47273788989 -1.02123007188
5.01075041808 0.105181330637 0.23713364846 5.01075041808 0.105181330637 0.23713364846
-2.26057834071 1.4914919821 -2.85619176853 -2.26057834071 1.4914919821 -2.85619176853
-0.40267800164 0.312209682342 0.738056917196 -0.54026947824 0.192780128715 0.798778506039
-0.781057598462 -0.813775887678 6.25297578421 -0.781057598462 -0.813775887678 6.25297578421
-0.232461403801 0.152635507872 2.30040232073 -0.232461403801 0.152635507872 2.30040232073
0.872319353 0.452670112651 -0.298778030807 0.635620987631 0.0969484875777 -0.349949834487
-0.952554667028 0.687579852979 -0.587443291793 -0.381776800871 0.716523731899 -0.24404757311
0.833722413174 -1.98455286953 0.214607591666 0.958189984417 -2.34348499374 -0.255170906692
0.690850153402 3.20580027067 0.0330509473297 0.690850153402 3.20580027067 0.0330509473297
0.858937785363 0.128756836334 0.437847522261 1.34949255214 0.763141501645 0.34519179943
0.11354045751 -1.46736911282 -1.06076710515 -0.553011031015 -1.61659374369 -0.995306694443
-0.0343243616558 0.937890627801 0.414510534289 -0.690452829231 0.34833920068 0.328303090861
0.275455707938 0.108782200262 2.47982123799 0.275455707938 0.108782200262 2.47982123799
2.02979827811 4.25412998897 -0.632452627222 2.02979827811 4.25412998897 -0.632452627222
-0.102623325306 -0.0757229562667 -0.675623313722 -0.00741399858792 -0.291766469682 0.154469912217
-0.161230489595 1.11894937422 0.811380489077 -0.741286308072 1.38239549444 0.942033075346
0.376098627983 -1.83370690189 2.09754887325 0.376098627983 -1.83370690189 2.09754887325
-0.0274127933098 0.259733986638 0.30497901516 0.15558694635 0.260927108483 -0.00709802702714
0.725322580803 -3.58547897689 0.681657520762 0.301148112523 -3.30697491882 0.739113613229
0.932511545748 -0.8280776877 0.49858912913 0.519214623357 -0.803581622604 -0.245624451365
0.29768193152 -0.484147003548 -0.757058731939 0.316672773607 -0.106920049601 0.0543634515855
-0.258648964806 -1.26706528124 0.394467490442 -0.350301506535 -1.52629540779 0.287000616509
0.162759590445 0.505987932177 0.114546641817 -0.0274127933098 0.259733986638 0.30497901516
0.319856995638 -1.2610833031 -1.63143841583 0.319856995638 -1.2610833031 -1.63143841583
0.512807605657 -0.191956710954 0.485501086654 0.590316738561 0.40215505506 0.698597293901
0.490086694153 0.225310795701 0.471872059621 -0.0326127528184 0.220676135159 -0.566454746526
0.717864131509 0.644121624798 0.929167659917 0.368194536046 0.205092152704 0.230561937625
0.592674445972 0.355691331069 0.105866371387 0.0771166963461 0.656015824844 0.560756112409
-0.208816405418 -0.693142556256 0.869089390662 -0.208816405418 -0.693142556256 0.869089390662
-0.74699992427 0.311685967236 -0.858015239933 -0.952554667028 0.687579852979 -0.587443291793
-0.111171995042 0.255243714549 0.283075473539 0.38793914902 -0.759393242427 -0.309632621813
-0.729339337881 0.156188621502 -0.397073945122 -0.923819951521 0.403228788224 -0.911269275482
1.88510249991 3.081430508 0.0434417671021 2.27427339439 3.1721328674 0.00510526041777
-0.766359091542 1.34153272966 -0.394265770238 -1.21484934736 1.60528788816 -0.548861469666
0.661228629494 -0.263908717833 -0.83417278779 0.587644990673 -0.388200667152 -1.4835899363
3.36894245133 1.91566058125 -2.56897620155 3.36894245133 1.91566058125 -2.56897620155
-2.02170313227 -0.37890114889 2.4127446654 -2.02170313227 -0.37890114889 2.4127446654
0.702305694933 -0.204120545884 -0.484044328165 0.702305694933 -0.204120545884 -0.484044328165
0.378942565368 -1.61850143874 -2.38003888355 0.196098142542 -1.33310215401 -2.53865014187
0.782421047524 0.110734865354 -0.653427366157 1.00587674657 0.245690370654 -0.547955475552
-0.773724895765 -1.69696216481 0.737639813208 -0.0108603343218 -0.621974158626 0.416486017645
-0.88628207514 0.20823792854 -0.33741151478 -1.33863967282 0.025143224963 -0.517382983091
0.940805064118 -0.376368728921 -2.00540250887 0.940805064118 -0.376368728921 -2.00540250887
-0.425368702595 -0.324342780708 -1.1238135708 0.107263218434 -0.401047412918 -1.39479206301
0.804751009853 -1.99795472159 0.185167198951 0.0441146414982 -1.44422590161 -0.224098755199
-0.192341354106 -0.861746389277 0.513648063365 -0.257181380218 -0.620323868804 0.894020943446
0.544561670591 -1.73084910166 -1.9890442025 0.544561670591 -1.73084910166 -1.9890442025
-0.258075916903 -0.105880480269 -2.85944582103 -0.258075916903 -0.105880480269 -2.85944582103
-0.984229043662 -0.151070283483 0.829914209563 -1.13275430781 0.0983538359619 0.838931530882
-0.717064456031 1.19900570155 0.35769679577 -0.466274411397 0.95384985794 0.647293908098
-3.27225438653 1.25147160109 2.22902052308 -3.69622462917 1.25909933796 2.14378074458
-3.78877708616 1.34701494619 -0.708695381551 -3.78877708616 1.34701494619 -0.708695381551
-0.754777161494 0.240046004915 -0.438636924847 -0.0552117420963 -0.591937534209 -1.14574463173
-0.741286308072 1.38239549444 0.942033075346 -0.987529552739 1.3894969541 0.791275241564
1.54343089315 0.075818414936 -0.590007422212 1.49912318315 0.533126048374 -0.337213603198
-5.16083535432 -2.66101940362 -1.26516054408 -5.16083535432 -2.66101940362 -1.26516054408
0.0441146414982 -1.44422590161 -0.224098755199 -0.258648964806 -1.26706528124 0.394467490442
1.36156518363 -0.288963874404 3.55305468205 1.36156518363 -0.288963874404 3.55305468205
-0.380149240311 0.575584240199 4.82663084757 -0.380149240311 0.575584240199 4.82663084757
-0.333337264395 -0.74535654393 -0.668331459578 0.194854413097 -0.847320267857 -1.02838732157
-0.0636132677589 0.448023816782 -0.516288368551 0.0666922588319 0.601950210842 -0.639274849802
1.17062408308 0.332653108887 -0.216755180177 0.505339556459 -0.128050911553 -0.400858654462
-1.13083912229 0.20002325136 1.04447203599 -1.13083912229 0.20002325136 1.04447203599
-2.16625608881 -1.47379085766 0.466048595677 -2.63940145554 -0.854668818525 0.0629940668105
0.177558030408 -0.943168772394 0.300712167573 0.412191507887 -1.81709257698 0.352728399114
0.516821888006 1.12695400657 1.58599915542 0.516821888006 1.12695400657 1.58599915542
0.236341568025 0.275166182403 -0.29308647367 0.517452668252 0.0997689611434 -0.473798594612
-0.519962183458 -0.276249577744 0.33668271625 -1.00958504365 -0.408295233914 0.488880991592
-0.741967782141 -2.93654505684 -1.99955235121 -0.741967782141 -2.93654505684 -1.99955235121
1.79124555615 0.194589457994 -0.661645781967 1.79124555615 0.194589457994 -0.661645781967
-0.733014621317 -1.18656185427 -0.106891360302 -0.773724895765 -1.69696216481 0.737639813208
0.386007749345 -0.230387732335 -0.21869058564 0.13771890121 -0.140976510304 -0.292256939744
0.238588361594 0.0393143520074 -0.0445532206113 -0.375409928953 0.442486503347 -0.22849978494
-0.331515918269 0.0153448252754 0.299258739357 -0.111171995042 0.255243714549 0.283075473539
0.976938750105 -1.99622492876 2.48802020571 0.976938750105 -1.99622492876 2.48802020571
0.217389882827 1.07381759292 -0.198683787997 0.0259117543138 0.91169472456 -0.329700842942
3.74600657796 2.12641917169 1.08793838081 3.74600657796 2.12641917169 1.08793838081
-0.482017473375 1.10055841343 -0.477436581416 0.108295371851 0.731211061391 -0.253229264093
-1.47662283907 -0.665763606406 0.594937406877 -1.3312914313 -0.0451860437298 1.06091593697
1.3033908076 0.311303682036 0.691041425167 1.34424887556 -0.165227291614 -0.485787945432
-0.150621831075 0.84626390656 0.0235842547511 -0.387948825441 0.992084532415 0.377720227746
-0.168440560766 -0.723016403273 0.26624075785 -0.192341354106 -0.861746389277 0.513648063365
-1.22549762446 2.63967393569 -0.868717707226 -1.22549762446 2.63967393569 -0.868717707226
1.00587674657 0.245690370654 -0.547955475552 0.388039106481 -0.44797753027 -0.728325254897
4.03417651025 6.16570162973 -0.799154717048 4.03417651025 6.16570162973 -0.799154717048
2.27427339439 3.1721328674 0.00510526041777 1.88510249991 3.081430508 0.0434417671021
-1.00958504365 -0.408295233914 0.488880991592 -1.09924048115 -0.708492314808 0.277696470224
0.108295371851 0.731211061391 -0.253229264093 -0.10375644572 0.854188385762 -0.212159145414
1.50368904361 -2.100414603 -2.97173490584 1.68665982272 -1.85917297636 -2.72614478647
0.561523181897 0.825847921194 -0.016064832809 1.16460639826 0.172105479254 -0.0141986323382
-0.227659459812 0.420236283741 -0.596519756079 -0.0636132677589 0.448023816782 -0.516288368551
0.607080582501 0.15829329706 -0.659142155459 0.350329475902 1.2135903747 -0.621611369109
-0.268865937974 -0.629633703773 -0.614149980548 -0.268865937974 -0.629633703773 -0.614149980548
-0.987529552739 1.3894969541 0.791275241564 -0.717064456031 1.19900570155 0.35769679577
0.740554769129 -0.325310625307 2.79187125956 0.740554769129 -0.325310625307 2.79187125956
-1.3157093997 -0.660627755307 0.0702177456149 -0.67939170267 -0.87841371883 -0.0599333651057
-0.0781296277589 -0.13702344619 -0.390175335722 -0.153857161804 -0.489435598065 0.071287472396
-1.17394572019 -0.427812350336 -1.07740443249 -0.729339337881 0.156188621502 -0.397073945122
-0.520684814071 -1.04837671095 -0.712495995851 -0.380883669683 -1.40948471932 -0.359990640726
0.153940459623 -0.150196463815 -0.206750348499 0.138614857366 0.283104724793 -0.583818073768
0.316509221336 -0.244018428766 -0.192260155657 0.284998603949 -0.370260925485 -0.286913379753
-0.0552117420963 -0.591937534209 -1.14574463173 0.289972534021 -0.1533295903 -0.228557867908
0.828027010992 0.678340652076 -0.00849824848551 1.50533078621 1.22071213527 -0.204861030645
-0.553011031015 -1.61659374369 -0.995306694443 -0.417968748133 -1.16405004808 -0.920664434013
1.1497854878 1.31947629286 -0.532575974944 0.956812100005 1.76185589524 0.000738166019664
-0.0817991795546 -0.157941960448 -0.109012028799 0.29768193152 -0.484147003548 -0.757058731939
0.00646687843422 -0.721445147095 0.662964090739 0.932511545748 -0.8280776877 0.49858912913
-0.657557661027 0.710469950865 -0.58526719283 -1.14201599469 0.18779051421 -0.823960852736
0.0771166963461 0.656015824844 0.560756112409 0.607080582501 0.15829329706 -0.659142155459
-0.419693113907 0.83313648455 0.695033326737 -0.825027292551 0.810871638736 1.54433585802
-4.82461927438 -3.34939517297 -1.11204990798 -4.82461927438 -3.34939517297 -1.11204990798
0.163659224439 0.848462621601 -0.645686873554 -0.317958838373 0.205770824113 -0.775633270293
-2.63940145554 -0.854668818525 0.0629940668105 -2.16625608881 -1.47379085766 0.466048595677
-3.73137951238 0.68859768826 2.99588856848 -3.73137951238 0.68859768826 2.99588856848
-0.490816561831 1.04434400045 0.870098247716 -0.581287952377 0.844343380863 0.65684804703
0.189181179367 0.67208111657 -0.722821735625 0.163659224439 0.848462621601 -0.645686873554
-1.28949031224 3.93337236247 -2.48369343076 -1.28949031224 3.93337236247 -2.48369343076
0.434152056042 0.372521610472 2.0627084711 0.434152056042 0.372521610472 2.0627084711
1.1043293679 -0.613243920728 -2.83903573055 0.736474766469 -0.898213635894 -2.84220548399
-0.752417464519 0.11513872413 0.21148368373 -1.05012464405 -0.334097906948 0.333963215786
0.796852697014 -1.37694068773 -1.1919896387 0.726488049813 -1.55304084588 -1.35517115981
0.635620987631 0.0969484875777 -0.349949834487 0.341606626546 0.0384205974356 -0.763572596066
-0.825027292551 0.810871638736 1.54433585802 -0.600062213969 0.12962135386 0.869568577364
-0.187330941922 0.318411692215 0.677936310019 -0.234954702664 0.105962292661 0.354116217839
1.74981678242 -3.30558397929 0.0425301736091 1.74981678242 -3.30558397929 0.0425301736091
-0.381776800871 0.716523731899 -0.24404757311 -0.396940638237 0.825746509781 0.699955618848
-1.05064025923 0.685985570936 -0.151099341972 -0.668107850859 0.978515359902 0.0972469757099
-0.5223555029 1.0607665422 0.882681856914 -0.169255211987 1.02715926753 0.962034578287
-1.59686470237 0.0827215384191 -0.584439508388 -1.41136871239 -0.536263398062 -0.581553125087
-3.14422666847 -0.191160769107 -1.39439481036 -3.14422666847 -0.191160769107 -1.39439481036
-1.67125812501 4.00627097171 3.81564178087 -1.67125812501 4.00627097171 3.81564178087
-0.343108592043 -2.84978729012 3.13985467132 -0.343108592043 -2.84978729012 3.13985467132
0.0259117543138 0.91169472456 -0.329700842942 0.000506675139169 1.28936025431 -0.946176067853
-0.611041807206 1.22598919666 0.0478622785768 -0.45487191542 1.4443103695 -0.0856758429551
0.956812100005 1.76185589524 0.000738166019664 0.933168450764 1.01958092874 -0.906047652975
1.17777350393 -0.155123027849 0.550857734848 0.858937785363 0.128756836334 0.437847522261
1.77741478054 1.28436926364 1.60156373015 1.77741478054 1.28436926364 1.60156373015
-0.204146677159 -1.81178258926 -0.579659270252 -0.623977624307 -0.733380163138 -0.160122100643
0.327965567092 0.294107791519 0.760296233294 0.586029926164 0.205667596582 0.47862553484
-0.10375644572 0.854188385762 -0.212159145414 0.162759590445 0.505987932177 0.114546641817
0.516663559575 -3.88915476156 0.905528777504 0.367567707293 -3.7614718045 0.277717834944
0.970977269366 0.420558017451 -0.792667815739 0.965753286379 0.440498382313 -1.01846073322
-0.457531982239 -0.346366681274 -1.72948902935 -0.205057140435 -0.374398171831 -2.18495412611
0.0663948754357 -0.459687092843 0.0966881187913 0.299572007536 -0.575803746706 0.326123584484
-0.317958838373 0.205770824113 -0.775633270293 -0.526652327256 0.647535720306 -0.955834091386
0.752698438876 -0.142603908514 -0.408584662217 0.316509221336 -0.244018428766 -0.192260155657
1.50533078621 1.22071213527 -0.204861030645 1.25198424695 1.37127007953 -0.380788932741
-1.75681029614 0.35291359496 -1.00863390352 -1.01402349166 -0.242222201719 -0.804611415381
-1.62331277166 -0.936533736946 -0.0780542651651 -0.981068720747 -1.51942557534 -0.0839831078205
0.38793914902 -0.759393242427 -0.309632621813 0.144100967984 -0.418099890386 -0.608250683913
0.401065032063 -1.15460523207 -0.949411477158 -0.237248003841 -1.08783483668 -1.45132691569
0.736474766469 -0.898213635894 -2.84220548399 1.1043293679 -0.613243920728 -2.83903573055
