1.00058865679 -0.924219478505 1.16559349214 1.00058865679 -0.924219478505 1.16559349214
0.428639128008 1.50951400146 -1.14662834746 0.452951464769 2.55306387871 -1.40108664239
-3.97285535127 -2.70735168591 -2.69334063737 -4.34757895196 -2.60853133025 -2.53926224303
0.349893003995 0.842170270031 -1.22052970007 0.18229526034 0.887069762136 -1.39474707458
0.49067183663 2.35940498371 -3.44170506618 0.49067183663 2.35940498371 -3.44170506618
2.11115197912 0.786448090638 -0.852515624005 2.42378756415 1.43423070071 -0.828095678711
0.654154876198 -0.565457096028 -0.172813988484 0.694340957523 -0.93238063551 -1.28548958353
1.14696324931 -1.67638721561 -2.11889905587 1.14696324931 -1.67638721561 -2.11889905587
-1.21083451186 -2.50051742842 1.26988740825 -1.21083451186 -2.50051742842 1.26988740825
-0.121898481122 -0.597297383965 -0.0167497763408 0.0295648435177 -0.799475971145 -0.182885592757
0.819673390548 -0.45127131245 0.627531944073 0.869115299546 0.700212351489 0.936767071465
0.56831622426 0.861864931839 -0.4662994501 0.0230437804903 -0.350565354313 -0.175545853137
-0.601145982411 0.475270112774 -0.677401297282 -0.900195194819 0.853264806842 -0.420527333993
0.108434080123 -0.29707940332 0.487649765578 0.336092169302 0.39620582483 0.877523692022
-0.295263195785 -1.06718716305 2.82239840241 0.154090138793 -0.881063387662 2.80208706808
-0.22489992467 -0.293033382402 0.268170496996 -0.226627799385 0.132016385804 0.498614665986
0.18229526034 0.887069762136 -1.39474707458 -0.434983712652 0.0166705520179 -1.75147877663
0.705619858719 0.714276126691 -0.601502653822 0.549338990168 0.480065008923 0.532688568789
-0.0151183422352 0.0641734974706 0.480942778641 -0.281651598913 -0.804988469805 0.667083042195
-0.575809221463 -0.903420254996 -1.11952704777 -0.42206716486 -0.821711591755 -0.959403671028
0.757410329929 -0.462967314034 0.753340741801 0.75412897547 -0.479409313946 1.14464359837
-1.41902814479 -0.906671082126 1.52582110644 -1.41902814479 -0.906671082126 1.52582110644
-0.859539278377 -0.831034187454 0.354573615089 -0.660208888391 -0.140131755915 0.0170214039439
0.79033660981 -0.415957614774 0.961410158194 1.0508261332 -0.30724566958 0.238120389591
1.36393407755 -0.223025464262 0.626473949443 1.03882542322 -0.156267052106 0.241324021544
-0.113380337018 -0.600330901213 -0.215441500904 0.0421210358691 -0.517744985616 -0.0865499038455
0.701719096054 -1.01014526212 -1.32825025212 0.161113265958 -1.41941794923 -1.43883366544
-0.330215251873 -0.593346219666 0.938668180286 -0.283828904236 -0.768978022529 1.85112911485
0.480904196105 -0.0601088632523 0.173111815811 0.591235997238 0.160705170297 0.0540330842578
1.57844910213 -2.60001725336 0.530042638822 1.57844910213 -2.60001725336 0.530042638822
0.233826920537 0.690956600844 -0.644710227227 0.664579601095 0.727746860206 0.102921844883
-0.0285402943851 0.00183122931999 -0.208998117335 -0.12988246193 -0.189172991428 -0.152632751198
0.129023640672 -0.134563230561 1.53316684554 0.24509995223 -1.13834175758 1.80120950731
-0.0456642367331 0.314429367932 0.0205306305063 -0.121898481122 -0.597297383965 -0.0167497763408
1.02467992886 -0.493600464919 -0.599868911925 0.673094933672 -0.672861223589 -0.987000361609
1.24135452665 -0.114141846108 -1.22230698751 1.32203709704 0.291018006643 -0.879229532911
-0.943956357878 1.08320492224 -3.96239450469 -0.943956357878 1.08320492224 -3.96239450469
0.341215359736 -1.22521321079 0.596416481975 0.628011037863 -1.69437777721 0.733747001166
0.0899819582447 0.791321276653 -0.274721860914 0.335321281757 0.34574496136 -0.945593885666
-1.21910633906 -1.7394424252 -0.994436442108 -0.992185524094 -1.23602472233 -1.00447086548
0.925479944787 -1.21193062937 -1.02233203118 1.8844368482 -0.435635099896 -0.781895811478
-0.943868711292 -0.726805813398 -0.869386129338 -0.593461448109 -0.477267386423 -0.924088862055
-0.121617826936 -0.276666930695 -0.117690235024 -0.207687958646 -0.596863517322 -0.239050226001
3.37051482082 -1.99553172521 0.219771183692 3.37051482082 -1.99553172521 0.219771183692
-1.04692025193 -0.10285385955 0.660138428054 -1.04692025193 -0.10285385955 0.660138428054
0.486346893496 0.175349568738 -0.627948954655 0.366124594725 -0.727116904717 -1.46696926365
0.00382060526737 0.692072669796 -3.51177881161 0.00382060526737 0.692072669796 -3.51177881161
1.23862400422 -0.378680151579 -0.333493975724 1.96405991327 -0.715043457615 0.673580324425
-1.06910148504 -0.276596954316 0.452560277073 -1.38109199296 0.0602019949399 1.19857087477
-0.38556013193 -0.951957711605 -0.0331743904878 -0.32043447059 -1.10254973515 -0.533609053662
-2.76055113314 1.32264867575 4.50075781889 -2.76055113314 1.32264867575 4.50075781889
-0.660343247703 -0.26698621567 -0.147392678098 -1.16936903799 -0.20525072886 -0.35085316361
0.826865499005 0.105498369026 0.461850798111 0.936803948716 -0.418131710508 0.563451528727
-0.543829785083 0.739771484047 1.05498465882 -0.166428047613 0.769882413657 0.841395078609
-0.032781456456 -0.529761468703 0.534052435823 -0.307328786732 -0.774352151493 0.454080388477
0.530908447067 -0.999527511801 0.150146918669 0.312983004225 -0.506911963898 0.161020269024
-0.911407937308 -1.93000924219 -1.788284064 -0.911407937308 -1.93000924219 -1.788284064
-2.68900781904 2.43320804519 1.51867691353 -2.68900781904 2.43320804519 1.51867691353
0.0421210358691 -0.517744985616 -0.0865499038455 0.130809239297 -0.233563826052 0.702565683428
0.199181681107 0.611889850412 0.478855229909 0.691049676228 0.399870878441 0.784238912254
1.16927881547 -0.23363767936 -0.769213517664 1.02316641543 0.324502796765 -0.802766084137
1.15078259136 1.25233085955 0.217182359138 1.15078259136 1.25233085955 0.217182359138
0.532158384877 0.608397855619 0.169062149754 0.532158384877 0.608397855619 0.169062149754
-0.461543355434 -2.42396352123 -1.23056683365 -0.461543355434 -2.42396352123 -1.23056683365
-0.899224644012 0.605691648054 -0.737043067162 0.205352965727 0.481584258351 -0.436519437641
-0.123725163952 1.30986113447 -0.627050683656 0.299213145237 1.07425473506 -0.437746248942
-0.330368625501 -0.877354033466 0.870517912051 0.43342083583 -0.439107230055 1.13655167516
0.07965729819 -0.0737321704811 -0.525915719769 0.245771575908 0.317218206913 -0.690993113444
0.195624935626 -1.33606972477 -1.17543969744 0.286786185978 -1.63138063221 -0.766472189818
-0.335262473425 -0.645390447797 1.56028375232 0.129023640672 -0.134563230561 1.53316684554
-0.548297897094 -0.484783681282 0.0574458901282 -0.22489992467 -0.293033382402 0.268170496996
-0.00616035419638 -0.708372431933 0.332178744648 0.136645433751 -0.752977992833 -0.48870877013
-0.121613148486 0.780384849484 0.547418667117 0.561724813886 0.811916114106 1.25173349379
1.86829881548 0.982263111253 0.57833833798 2.11756622915 0.236594203866 0.668352272041
0.438277728658 -0.68375084015 0.936754512646 0.428230699533 -0.701364060118 1.24151482061
-1.0114453282 -0.9194027165 1.94230104839 -1.0114453282 -0.9194027165 1.94230104839
0.576558018095 -1.11167981802 0.902725467927 0.830157390613 -1.10122725111 0.0882646476977
0.956363048443 -0.338972236242 -2.04058345283 0.956363048443 -0.338972236242 -2.04058345283
-0.526423133659 -1.89012502891 -0.752037777545 -0.526423133659 -1.89012502891 -0.752037777545
2.73629903903 0.305085404891 -1.95342913787 2.73629903903 0.305085404891 -1.95342913787
-0.29797391039 -0.441231789087 0.219981960286 -0.330215251873 -0.593346219666 0.938668180286
-1.16936903799 -0.20525072886 -0.35085316361 -0.856139559198 -0.42027651588 -0.493682536414
1.30156107205 -0.107168604063 -0.772801097256 0.799959638651 0.0315491750362 -0.479310537139
0.589662109177 -3.35801271456 -0.00608756146828 0.589662109177 -3.35801271456 -0.00608756146828
0.137792738955 1.51330268062 -3.27853776509 0.137792738955 1.51330268062 -3.27853776509
1.56015146095 -2.56527691429 0.221147908807 1.56015146095 -2.56527691429 0.221147908807
-1.17834016169 0.521085210877 0.0990365939479 -0.859539278377 -0.831034187454 0.354573615089
-0.966152886758 -0.334360249155 -0.314667678144 -0.38556013193 -0.951957711605 -0.0331743904878
-0.355873703607 -1.62435019715 -0.808609092372 -0.654362111413 -0.633330222908 -0.62124381647
0.30405681349 -0.826234203228 0.585720514952 0.757410329929 -0.462967314034 0.753340741801
-1.72177403598 -3.20441161962 -1.14525860567 -1.72177403598 -3.20441161962 -1.14525860567
-0.198129990719 -0.311159199456 0.639168892522 -0.565543208941 -0.369949517309 0.75569576276
-0.323371526221 1.26821215146 0.566041758188 -0.290460685085 0.627487038804 0.137052860226
0.914018910476 0.330732657648 0.153628722029 1.6281010345 0.771622025595 0.969459618589
0.313046148011 -0.182366586512 1.19517449252 0.630191977922 0.0579791018751 0.834572997034
0.258106560845 -2.78293034857 -0.451668109714 0.258106560845 -2.78293034857 -0.451668109714
0.336092169302 0.39620582483 0.877523692022 -0.321155211766 0.0438879056641 0.161408236838
0.691645859766 -3.58990213383 0.545869100663 0.691645859766 -3.58990213383 0.545869100663
0.130809239297 -0.233563826052 0.702565683428 0.0507885216737 -0.604705267391 -0.0584575299574
1.62115784308 -3.98123350816 0.565309241683 1.62115784308 -3.98123350816 0.565309241683
1.32203709704 0.291018006643 -0.879229532911 1.54065490707 -0.240443544845 0.0630433290903
-0.749722854193 0.862020406849 2.74002106321 -0.749722854193 0.862020406849 2.74002106321
-1.20373917003 -4.39038469469 -1.04773357058 -1.20373917003 -4.39038469469 -1.04773357058
-2.31045456458 -0.272314855122 -1.89738663515 -2.31045456458 -0.272314855122 -1.89738663515
-1.10586970395 0.826289785925 -0.969632555162 -1.08519898681 0.912798016608 -0.703382700693
-1.81431164243 1.82014717917 -0.267595140479 -1.81431164243 1.82014717917 -0.267595140479
1.06198697182 -0.987835672013 0.0935574096045 0.842872140959 -0.887483732594 0.264220254308
1.64471362898 2.28839081807 1.44868476957 2.44580188784 2.50921664546 1.32418003414
-0.0926114423978 -0.627325075009 -0.237347609141 -0.299744584388 -0.677635467808 -0.0834631628736
0.0230437804903 -0.350565354313 -0.175545853137 0.343979186854 0.0325255766819 0.740296356867
-4.34078651009 -2.04465003272 2.46564188972 -4.34078651009 -2.04465003272 2.46564188972
0.191879469336 -4.12553532221 -0.699499973846 0.191879469336 -4.12553532221 -0.699499973846
-1.46858173499 -0.370905767477 0.700461775106 -0.858953259491 -0.391444224479 0.87385553259
1.06964277666 0.722477023178 0.669004953547 1.61913598908 -0.051886501284 0.548820967727
0.639649482571 -1.75535154922 -7.33470506016 0.639649482571 -1.75535154922 -7.33470506016
0.496825375994 -0.644586136346 0.271487830237 0.898484072897 -0.694198929085 0.897499169738
2.54167953068 1.39252233643 0.897256130759 1.86829881548 0.982263111253 0.57833833798
0.168558997743 -1.52684394947 -0.359264493226 0.526770599934 -1.24088651767 -0.955565152898
-0.31543727907 -0.673154686908 0.280548290616 -0.330368625501 -0.877354033466 0.870517912051
-0.900195194819 0.853264806842 -0.420527333993 -0.385233483665 1.05300899358 -0.822520467181
-1.10859637582 0.12001331099 2.14833509267 -0.367839674372 -0.142339417895 2.04850113309
-0.660208888391 -0.140131755915 0.0170214039439 0.105231424576 0.561461043022 -0.386368410288
0.952560189771 -0.524377474253 -0.45657342137 0.654154876198 -0.565457096028 -0.172813988484
0.479153175886 0.0380191847615 0.228103020255 0.589601826753 0.175009834325 -0.884093155888
0.205352965727 0.481584258351 -0.436519437641 -0.158628811985 -0.347342235873 -1.09145916992
-0.148842698816 3.00115419511 -1.38614158509 -0.148842698816 3.00115419511 -1.38614158509
-0.321155211766 0.0438879056641 0.161408236838 0.0429603425243 0.0866511067631 1.39369166873
1.52899286412 -0.331504236797 0.275356139052 1.44105996879 -1.02659159254 0.173702385927
1.81833986476 -0.276901196908 -0.506254035081 1.81833986476 -0.276901196908 -0.506254035081
0.430591761433 0.0146403944292 0.321143243319 0.443376634078 0.08627896882 -0.797998618248
0.0540409817259 -0.131934512908 -1.31209442687 -0.186803194607 -0.0258996181546 -1.16682125742
-1.02365664861 -0.871314708632 1.85163870032 -0.807840234942 -1.17695891375 1.92005978819
0.395259507016 3.64519769526 -1.02560525659 0.395259507016 3.64519769526 -1.02560525659
0.799959638651 0.0315491750362 -0.479310537139 1.00420171003 -0.519145480804 -0.98328011114
0.172397954827 -0.722467851212 0.168022233125 0.066678852016 -0.687348843011 0.405476260748
0.0771642542032 -0.814110944637 -2.32965359764 0.0771642542032 -0.814110944637 -2.32965359764
0.0507885216737 -0.604705267391 -0.0584575299574 0.934030298511 -0.84785538512 0.0482909330978
2.84071642505 2.57330556037 1.5199954017 2.84071642505 2.57330556037 1.5199954017
0.26244533164 -0.830968554582 1.26297359182 0.26244533164 -0.830968554582 1.26297359182
1.28094524892 -2.8746872562 1.70144782304 1.28094524892 -2.8746872562 1.70144782304
0.53973040698 0.97112708604 -1.31698602459 0.315736164077 0.572928631876 -0.770812378477
0.627059797274 -1.53329822397 0.585576507045 0.530908447067 -0.999527511801 0.150146918669
0.589601826753 0.175009834325 -0.884093155888 0.497157305326 0.171429847816 -0.578817109066
-0.207687958646 -0.596863517322 -0.239050226001 -0.69452664677 -0.141632151366 0.881718256158
0.94238529685 -1.92473196611 1.64729054385 0.94238529685 -1.92473196611 1.64729054385
-3.57395339849 2.27166725588 -3.29120960113 -3.57395339849 2.27166725588 -3.29120960113
-0.113720513664 -0.426957536865 0.553927145679 0.438277728658 -0.68375084015 0.936754512646
-0.949932938156 0.313106543632 0.149280652072 -1.3699629519 0.256419120441 0.104518991553
-1.0587634087 -0.789058218945 -0.915476961171 -0.987423800198 -1.1490262853 -0.874610403226
2.49889902734 -3.73368396491 1.98950607676 2.49889902734 -3.73368396491 1.98950607676
0.460204443272 0.0130478672382 -1.1520010312 0.238746965315 0.157688993921 -0.552008435967
-3.16821703042 -1.37540196132 -3.76091574998 -3.16821703042 -1.37540196132 -3.76091574998
-2.76977211046 -0.376220961927 -2.0633301077 -2.76977211046 -0.376220961927 -2.0633301077
0.894696218804 0.389878911717 -0.555391429156 0.366274324327 -0.177028906998 -0.461797120308
-2.07145310531 -3.49192794194 -0.906014957669 -2.07145310531 -3.49192794194 -0.906014957669
0.17289860762 2.44538437914 2.98215817203 0.17289860762 2.44538437914 2.98215817203
-0.539605533816 0.377254836037 -1.28797740866 -0.899224644012 0.605691648054 -0.737043067162
0.136645433751 -0.752977992833 -0.48870877013 0.382220557709 -0.277751153256 0.00774549443786
0.247413552085 -1.65147402716 -0.470024449178 0.195624935626 -1.33606972477 -1.17543969744
-0.0983804145573 -2.83413110407 -0.184264739298 -0.0983804145573 -2.83413110407 -0.184264739298
-0.350445188784 2.24741219402 -0.4678421052 -0.350445188784 2.24741219402 -0.4678421052
0.561724813886 0.811916114106 1.25173349379 0.0696779870986 0.00961006342193 0.848473366937
2.42378756415 1.43423070071 -0.828095678711 2.11115197912 0.786448090638 -0.852515624005
-0.411543423777 0.602403636837 1.40371173234 0.0492105692091 -0.105008133534 1.00880528213
1.08146407458 -0.392009945992 -1.0899371221 1.08146407458 -0.392009945992 -1.0899371221
0.351603179105 0.155380553485 0.352991709016 0.108434080123 -0.29707940332 0.487649765578
0.058724794331 0.737757587122 0.233465360829 -0.466300690027 0.10703026375 0.784887361305
-2.49942519341 -1.32041083224 6.28565354923 -2.49942519341 -1.32041083224 6.28565354923
2.8984641087 2.88719484064 2.88472985956 2.8984641087 2.88719484064 2.88472985956
1.95003074606 3.43185083014 -0.218318549789 1.95003074606 3.43185083014 -0.218318549789
-0.69452664677 -0.141632151366 0.881718256158 -0.46374147745 -0.273593880465 0.953557531936
0.831605198557 -0.331074326574 -1.36299839043 0.162581124066 0.382225237901 -0.951695545058
0.870423188634 0.555013441261 -0.172533863457 -0.0151183422352 0.0641734974706 0.480942778641
-2.12618501916 -0.560238896665 1.69544016722 -2.12618501916 -0.560238896665 1.69544016722
1.3606000376 -1.88071933745 0.333907106896 1.3606000376 -1.88071933745 0.333907106896
0.0742688909022 -0.336589049777 0.11578489389 -0.601145982411 0.475270112774 -0.677401297282
-1.25686122121 0.382177953879 -0.304388068291 -0.949932938156 0.313106543632 0.149280652072
1.1295472587 -1.46235521014 -0.615869629659 1.15094271443 -1.38332497278 -0.801904307908
0.408620471623 -0.0169152976103 -0.526297970625 0.620545874831 0.591980310126 0.170024750035
0.335321281757 0.34574496136 -0.945593885666 -0.0285402943851 0.00183122931999 -0.208998117335
1.25253509396 0.00758949368511 1.08627464697 1.38408420593 0.304806234367 0.421833400322
0.0295648435177 -0.799475971145 -0.182885592757 -0.0926114423978 -0.627325075009 -0.237347609141
-0.320149310485 -0.502473233155 -0.0830809246535 0.0742688909022 -0.336589049777 0.11578489389
0.0129495839343 -0.127797650185 1.61321458448 -0.310057665009 0.698701917009 1.39827987311
1.69347562189 -2.17237079675 0.125454648718 1.69347562189 -2.17237079675 0.125454648718
-0.536842649294 0.341628016425 2.68239496899 -0.536842649294 0.341628016425 2.68239496899
0.0112511456779 -1.06777285818 -3.05487220584 0.0112511456779 -1.06777285818 -3.05487220584
-0.383770115049 0.0552546981226 -0.512981667682 -0.667604285518 -0.106341803863 -0.795482781587
2.44580188784 2.50921664546 1.32418003414 1.64471362898 2.28839081807 1.44868476957
-1.30130651086 -0.762061545621 -0.962387488706 -1.30130651086 -0.762061545621 -0.962387488706
-0.535061650631 2.0584887326 -1.0213670284 -0.535061650631 2.0584887326 -1.0213670284
-0.865364694067 -3.76193778684 1.97626010517 -0.865364694067 -3.76193778684 1.97626010517
-0.593461448109 -0.477267386423 -0.924088862055 -1.05781965095 -0.871305733184 -1.07915673851
1.11946940828 0.392792295752 3.50579727929 1.11946940828 0.392792295752 3.50579727929
-0.42206716486 -0.821711591755 -0.959403671028 -0.575809221463 -0.903420254996 -1.11952704777
-2.23942154814 -1.53913742985 -0.381702141602 -2.23942154814 -1.53913742985 -0.381702141602
0.658211125705 -0.215288650289 -0.00966344856022 0.652452819162 -0.213413507651 0.28751272382
-0.146217896245 1.06232642752 -1.79564034189 -0.251973586151 1.45917470589 -1.50159559566
0.066678852016 -0.687348843011 0.405476260748 0.341215359736 -1.22521321079 0.596416481975
-0.667604285518 -0.106341803863 -0.795482781587 -1.47742043102 0.513548098407 -0.31194713884
-0.055924776291 -2.19693624391 -1.30417178096 -0.055924776291 -2.19693624391 -1.30417178096
0.286786185978 -1.63138063221 -0.766472189818 1.1295472587 -1.46235521014 -0.615869629659
-0.310057665009 0.698701917009 1.39827987311 -0.543829785083 0.739771484047 1.05498465882
-1.05781965095 -0.871305733184 -1.07915673851 -1.37907583899 -0.0752210475008 -1.49828041699
3.01553368683 2.49961856159 -1.47209748277 3.01553368683 2.49961856159 -1.47209748277
-1.69687511961 -2.00013536334 -5.84041407876 -1.69687511961 -2.00013536334 -5.84041407876
0.914745757621 -0.751622953859 -1.01524686316 1.24135452665 -0.114141846108 -1.22230698751
-1.45897541373 -0.67974660211 0.580285519784 -0.895343354172 -1.11228137445 0.825802448654
0.869115299546 0.700212351489 0.936767071465 -0.00616035419638 -0.708372431933 0.332178744648
-0.644904522851 1.86664532314 -1.70721281712 -0.644904522851 1.86664532314 -1.70721281712
0.817006622256 0.447333171372 -0.820299108526 1.05133537371 0.221429528976 -0.899848006785
3.66177984587 0.85223877036 -1.35532252513 3.66177984587 0.85223877036 -1.35532252513
1.23951280073 -1.63757293837 0.332098375535 0.627059797274 -1.53329822397 0.585576507045
-0.425157384393 -0.310048286208 0.44367631345 0.826865499005 0.105498369026 0.461850798111
0.871634945235 0.0448677529084 -0.982446361009 0.817006622256 0.447333171372 -0.820299108526
-0.929641850282 0.319960839558 0.589405904349 -0.35380712194 0.0109817320494 0.473783214574
0.105231424576 0.561461043022 -0.386368410288 -0.0456642367331 0.314429367932 0.0205306305063
-2.65605817549 2.63117011867 -0.798325593602 -2.65605817549 2.63117011867 -0.798325593602
-1.08519898681 0.912798016608 -0.703382700693 0.0373292392277 1.9200538278 -1.32929322318
-0.114114026777 -0.593772535665 1.59042884563 -0.489498170567 0.262539801082 1.7867346603
1.72662746898 0.523518723299 0.97620512526 2.13722199705 0.706644157405 0.734419117409
1.52067854192 5.36575947223 -1.1067899697 1.52067854192 5.36575947223 -1.1067899697
0.694340957523 -0.93238063551 -1.28548958353 0.558408494191 -0.648729028511 -0.638244477991
2.13722199705 0.706644157405 0.734419117409 2.22679154547 1.43821028694 0.415773895589
0.696152539709 0.261975996498 -1.12816368473 0.802496531852 -0.344283502663 -1.27985981479
-0.0130410656107 0.0560001457558 1.82634861599 -0.0130410656107 0.0560001457558 1.82634861599
-0.251973586151 1.45917470589 -1.50159559566 -0.146217896245 1.06232642752 -1.79564034189
1.96405991327 -0.715043457615 0.673580324425 2.17181814414 -0.405390751604 0.577752500184
-0.859812634183 -0.988903908468 0.27334327155 -0.859812634183 -0.988903908468 0.27334327155
-0.80535546214 1.92376573425 -2.19262570216 -0.80535546214 1.92376573425 -2.19262570216
-1.63705133547 -1.5386136155 1.73848118585 -1.63705133547 -1.5386136155 1.73848118585
-1.82023707142 -1.78229600054 -0.998350422401 -1.82023707142 -1.78229600054 -0.998350422401
0.842872140959 -0.887483732594 0.264220254308 0.630749395505 -0.881712201605 0.32699719797
-1.68144645031 1.42810369998 -0.26995199878 -1.76784028848 0.591018752273 -0.241429286052
0.0696779870986 0.00961006342193 0.848473366937 -0.229761636608 0.680060400674 0.726776608436
-1.63329735482 -1.99366166739 -2.0820942353 -1.63329735482 -1.99366166739 -2.0820942353
1.17899334243 -1.66694082444 -2.96104208139 1.43536702872 -1.39722551598 -2.57743009904
3.68410001729 0.416508524353 -1.11307702956 3.68410001729 0.416508524353 -1.11307702956
1.38447802308 -5.07864728817 1.97786933971 1.38447802308 -5.07864728817 1.97786933971
-0.807840234942 -1.17695891375 1.92005978819 -1.02365664861 -0.871314708632 1.85163870032
0.630191977922 0.0579791018751 0.834572997034 0.278001192154 -0.465757557907 0.841454469908
0.443376634078 0.08627896882 -0.797998618248 0.460204443272 0.0130478672382 -1.1520010312
0.108431592002 0.647307422963 0.483701312012 -0.0383931092635 1.15159554244 0.723728649971
-0.279433735429 -0.536789680006 0.697663852201 0.498036820173 -0.188177432762 0.430281235504
-0.309536175865 -2.3688901166 1.18613608826 -0.309536175865 -2.3688901166 1.18613608826
-0.281651598913 -0.804988469805 0.667083042195 -0.279433735429 -0.536789680006 0.697663852201
0.155875852913 1.24202998682 -0.361464473171 -0.123725163952 1.30986113447 -0.627050683656
-0.230849306265 -0.814811333713 -1.03531923157 0.197911981639 -0.412048195106 -0.253976948212
-0.874675091622 -0.798024531382 1.97642366234 -0.863028172699 -0.0829491149539 1.85022021472
-0.87096690436 0.542595487538 -0.035782630228 -1.164073383 1.11344910025 0.507554322316
0.664023784064 -4.54920516511 -3.58132682401 0.664023784064 -4.54920516511 -3.58132682401
-0.229761636608 0.680060400674 0.726776608436 0.0899819582447 0.791321276653 -0.274721860914
0.245771575908 0.317218206913 -0.690993113444 0.696152539709 0.261975996498 -1.12816368473
-1.153721925 -0.110131714049 -1.28286219693 -0.883699128368 0.310090071338 -0.333163309866
-0.992185524094 -1.23602472233 -1.00447086548 -1.21910633906 -1.7394424252 -0.994436442108
0.558408494191 -0.648729028511 -0.638244477991 0.880659397216 -0.00763304108676 -0.153843152338
-3.89622189767 1.52677035131 1.7011345501 -3.89622189767 1.52677035131 1.7011345501
1.00420171003 -0.519145480804 -0.98328011114 0.801465360908 -0.297438681695 -1.16922861777
-1.07882672199 -0.000774490283878 0.18760184187 -0.87096690436 0.542595487538 -0.035782630228
-0.111628691449 -0.318937806994 3.3625353744 0.00997485472248 -0.242590300512 3.11693869891
0.802496531852 -0.344283502663 -1.27985981479 0.486346893496 0.175349568738 -0.627948954655
0.620545874831 0.591980310126 0.170024750035 0.108431592002 0.647307422963 0.483701312012
0.282279562788 -0.651819826051 -1.72691497692 0.701719096054 -1.01014526212 -1.32825025212
-1.24087905945 1.45657476745 1.51177331755 -1.24087905945 1.45657476745 1.51177331755
0.428230699533 -0.701364060118 1.24151482061 0.17757875871 -0.838943613056 1.09144173344
-0.959698179117 1.02881983268 1.21079108728 -0.959698179117 1.02881983268 1.21079108728
0.807884990742 4.92241392643 -0.791304730941 0.807884990742 4.92241392643 -0.791304730941
-0.136313458015 0.341434368256 0.242925321584 -0.136313458015 0.341434368256 0.242925321584
2.36595464139 -1.04068897935 0.951882571485 2.36595464139 -1.04068897935 0.951882571485
0.299213145237 1.07425473506 -0.437746248942 0.233826920537 0.690956600844 -0.644710227227
-0.0540159247414 1.02184066266 5.7968691892 -0.0540159247414 1.02184066266 5.7968691892
0.0492105692091 -0.105008133534 1.00880528213 -0.198129990719 -0.311159199456 0.639168892522
1.6281010345 0.771622025595 0.969459618589 1.25253509396 0.00758949368511 1.08627464697
-0.525240609744 -0.624389126975 1.99048801259 -0.874675091622 -0.798024531382 1.97642366234
0.366274324327 -0.177028906998 -0.461797120308 0.408620471623 -0.0169152976103 -0.526297970625
0.366124594725 -0.727116904717 -1.46696926365 0.282279562788 -0.651819826051 -1.72691497692
-0.549948196857 -0.305062523516 0.0967425454964 -0.113203716012 -0.4532906642 0.327288690478
0.520091486374 1.72148900649 -1.16819988716 0.428639128008 1.50951400146 -1.14662834746
0.497157305326 0.171429847816 -0.578817109066 0.870423188634 0.555013441261 -0.172533863457
0.162581124066 0.382225237901 -0.951695545058 0.831605198557 -0.331074326574 -1.36299839043
2.26804524919 -2.68782433745 -1.97204438524 2.26804524919 -2.68782433745 -1.97204438524
-4.34757895196 -2.60853133025 -2.53926224303 -3.97285535127 -2.70735168591 -2.69334063737
0.898484072897 -0.694198929085 0.897499169738 0.835204491131 -0.212921682789 -0.129209538742
-1.37392491441 -0.318190509712 -2.40519414624 -1.37392491441 -0.318190509712 -2.40519414624
-0.220690765047 0.342228045824 0.551627498141 -0.904384352503 0.193448915476 0.259311990164
1.43536702872 -1.39722551598 -2.57743009904 1.17899334243 -1.66694082444 -2.96104208139
0.452260687066 -0.73275075112 -0.540104750977 1.30156107205 -0.107168604063 -0.772801097256
1.24352974535 0.0562677623375 0.267485527439 1.24352974535 0.0562677623375 0.267485527439
0.312983004225 -0.506911963898 0.161020269024 0.816467275913 -1.18869246581 0.75669375104
-1.47742043102 0.513548098407 -0.31194713884 -1.8664535866 0.315379238655 -0.258816686591
-0.484491715852 0.54851074964 -1.2134597464 -0.539605533816 0.377254836037 -1.28797740866
0.693866005941 0.185225118622 -0.782131246046 0.705619858719 0.714276126691 -0.601502653822
-1.5192857979 0.497554501998 0.761876890117 -1.5192857979 0.497554501998 0.761876890117
0.75412897547 -0.479409313946 1.14464359837 0.761176427642 -1.20848808803 1.10505327374
0.807484310058 -1.7854888698 -1.41570473441 0.914745757621 -0.751622953859 -1.01524686316
0.330939516689 -1.46043316288 -0.165347759164 0.246788942899 -1.49276462158 -0.674195541352
-0.0383931092635 1.15159554244 0.723728649971 0.374799671701 0.615839970354 0.916400658374
0.934030298511 -0.84785538512 0.0482909330978 1.0417167558 -0.163867228468 0.153161200639
0.470405657752 -0.517510690445 1.17847417838 0.595719729246 -0.803591949046 0.534752765652
2.64774439871 -1.54213735632 1.38143034555 2.64774439871 -1.54213735632 1.38143034555
1.21475851674 -0.415048107941 -1.37970062525 0.915896664645 -0.796138346118 -0.973278957859
2.17181814414 -0.405390751604 0.577752500184 0.351603179105 0.155380553485 0.352991709016
-0.795908340831 -0.628863555049 0.514505524661 -1.37436343824 -0.73208754872 0.404173669793
-2.16639753626 0.982478185507 -0.289533438201 -1.68144645031 1.42810369998 -0.26995199878
0.835204491131 -0.212921682789 -0.129209538742 0.430591761433 0.0146403944292 0.321143243319
-0.186803194607 -0.0258996181546 -1.16682125742 -0.20315470427 -0.596922197501 -1.62724469812
1.02316641543 0.324502796765 -0.802766084137 0.816420869074 0.706845904452 -0.28010526089
0.17757875871 -0.838943613056 1.09144173344 -0.114114026777 -0.593772535665 1.59042884563
-0.565543208941 -0.369949517309 0.75569576276 -0.31543727907 -0.673154686908 0.280548290616
1.70537117502 0.29384128052 0.750422615739 1.70537117502 0.29384128052 0.750422615739
2.42663967705 -0.601890384735 -0.351027906062 2.42663967705 -0.601890384735 -0.351027906062
0.146124347706 0.495638260215 0.499571787816 -0.114625755607 0.814423720814 -0.0080492435936
-0.468338408659 -1.06119719229 0.642541764277 -0.046274337304 -1.02892873808 0.642106296354
-1.96464412783 0.649090587622 -0.177988349844 -1.41004533178 0.64563689416 -0.413348032214
0.24509995223 -1.13834175758 1.80120950731 -0.449719884274 -0.953030762559 2.18219917454
4.2873856699 -0.198487810421 -1.50731674019 4.2873856699 -0.198487810421 -1.50731674019
-2.45304303197 3.74537023942 0.489332446452 -2.45304303197 3.74537023942 0.489332446452
-0.984428014799 0.538348935108 0.0178596359939 -1.42038039772 1.15166417179 0.28546211373
0.246788942899 -1.49276462158 -0.674195541352 0.168558997743 -1.52684394947 -0.359264493226
0.186193112593 -0.171031679861 -0.450284127292 -0.29797391039 -0.441231789087 0.219981960286
-1.42038039772 1.15166417179 0.28546211373 -1.17834016169 0.521085210877 0.0990365939479
0.761176427642 -1.20848808803 1.10505327374 0.184662723662 -0.274944501882 0.913492027865
-0.385233483665 1.05300899358 -0.822520467181 -0.484491715852 0.54851074964 -1.2134597464
-0.120750031729 0.826247749698 0.948545534407 0.146124347706 0.495638260215 0.499571787816
-0.654362111413 -0.633330222908 -0.62124381647 -0.280306886341 -0.945633699756 0.0975725425309
0.197911981639 -0.412048195106 -0.253976948212 0.693866005941 0.185225118622 -0.782131246046
1.38408420593 0.304806234367 0.421833400322 1.72662746898 0.523518723299 0.97620512526
2.22679154547 1.43821028694 0.415773895589 2.70219176829 0.932305309826 0.350012712075
-3.52539060025 -1.7808209278 -2.05953867904 -3.52539060025 -1.7808209278 -2.05953867904
-0.113176917875 0.399486752177 1.32970184794 -0.120750031729 0.826247749698 0.948545534407
-0.895343354172 -1.11228137445 0.825802448654 -1.45897541373 -0.67974660211 0.580285519784
-0.367839674372 -0.142339417895 2.04850113309 -0.335262473425 -0.645390447797 1.56028375232
0.673094933672 -0.672861223589 -0.987000361609 0.831043648779 -0.591851699248 -1.28875712273
-1.37436343824 -0.73208754872 0.404173669793 -0.795908340831 -0.628863555049 0.514505524661
-0.619778225045 0.320556586396 0.543192570642 -0.947854687419 0.150603559453 -0.037797427427
0.184662723662 -0.274944501882 0.913492027865 0.52804210268 -0.371675226088 0.696452452319
0.144853169005 3.25145926155 -0.438742126893 0.144853169005 3.25145926155 -0.438742126893
-0.489498170567 0.262539801082 1.7867346603 -0.411543423777 0.602403636837 1.40371173234
0.400339286436 2.37495601604 3.00101275109 0.400339286436 2.37495601604 3.00101275109
0.732339725678 0.9202430803 0.196695303891 0.347839709396 1.12959734298 0.56928008913
2.70219176829 0.932305309826 0.350012712075 2.54167953068 1.39252233643 0.897256130759
0.347839709396 1.12959734298 0.56928008913 0.870045420872 0.344476800245 0.138640166567
-1.10734012782 1.46453486703 0.719551657152 -0.323371526221 1.26821215146 0.566041758188
0.925293806921 -0.394363179253 0.0824510449911 1.23862400422 -0.378680151579 -0.333493975724
1.33956107162 -1.61810794764 0.0208819213009 0.925479944787 -1.21193062937 -1.02233203118
0.691049676228 0.399870878441 0.784238912254 -0.113176917875 0.399486752177 1.32970184794
-0.927267898157 0.698757404551 0.0945254054248 -0.927267898157 0.698757404551 0.0945254054248
-0.046274337304 -1.02892873808 0.642106296354 -0.240832240218 0.226746223591 0.00217372623224
0.801465360908 -0.297438681695 -1.16922861777 0.07965729819 -0.0737321704811 -0.525915719769
3.15143620147 -1.12131696639 0.390129967552 3.15143620147 -1.12131696639 0.390129967552
0.652974201939 0.863357800759 -0.612591593815 0.56831622426 0.861864931839 -0.4662994501
0.669190066474 1.3684949304 0.45227904807 0.732339725678 0.9202430803 0.196695303891
0.374799671701 0.615839970354 0.916400658374 0.669190066474 1.3684949304 0.45227904807
0.472573859474 -0.239911813117 0.132760278597 0.631789490369 -0.285495143073 -0.67193428237
-1.12252773031 -0.00766908015452 -1.26760298963 -1.12252773031 -0.00766908015452 -1.26760298963
-0.291611664623 0.0941724825451 0.274605592861 -0.794324873159 -0.205583017805 0.6132433804
-2.02672650436 -3.19115265399 -2.25475765544 -2.02672650436 -3.19115265399 -2.25475765544
2.11803534944 2.50968819249 4.11808056286 2.11803534944 2.50968819249 4.11808056286
-0.883699128368 0.310090071338 -0.333163309866 -0.736353627829 0.251685948717 -0.187008858066
-1.76784028848 0.591018752273 -0.241429286052 -2.16639753626 0.982478185507 -0.289533438201
0.343979186854 0.0325255766819 0.740296356867 -0.414968091383 -0.0915819516978 0.718239400521
0.830157390613 -1.10122725111 0.0882646476977 0.925293806921 -0.394363179253 0.0824510449911
-1.41004533178 0.64563689416 -0.413348032214 -1.10586970395 0.826289785925 -0.969632555162
4.89851022071 0.939699456545 -1.02430175026 4.89851022071 0.939699456545 -1.02430175026
0.209766381861 -1.44955284571 0.319881249602 0.330939516689 -1.46043316288 -0.165347759164
-0.35380712194 0.0109817320494 0.473783214574 -0.549948196857 -0.305062523516 0.0967425454964
-1.54256321331 0.846631869659 0.168771126409 -1.54256321331 0.846631869659 0.168771126409
0.43342083583 -0.439107230055 1.13655167516 -0.619778225045 0.320556586396 0.543192570642
-0.135544405034 0.252915021923 -0.120570771447 -0.113380337018 -0.600330901213 -0.215441500904
-0.858953259491 -0.391444224479 0.87385553259 0.0129495839343 -0.127797650185 1.61321458448
-0.114625755607 0.814423720814 -0.0080492435936 -0.135544405034 0.252915021923 -0.120570771447
0.377851638912 0.392536865771 0.527516456041 0.199181681107 0.611889850412 0.478855229909
3.84117343995 0.333423750047 -1.48362095107 3.84117343995 0.333423750047 -1.48362095107
2.09521450438 -0.269070195556 1.67317459574 2.09521450438 -0.269070195556 1.67317459574
0.382220557709 -0.277751153256 0.00774549443786 0.377851638912 0.392536865771 0.527516456041
0.498036820173 -0.188177432762 0.430281235504 -0.320149310485 -0.502473233155 -0.0830809246535
-0.32043447059 -1.10254973515 -0.533609053662 -0.230849306265 -0.814811333713 -1.03531923157
1.82472370521 -2.50931272948 1.02023818979 1.82472370521 -2.50931272948 1.02023818979
-1.38109199296 0.0602019949399 1.19857087477 -1.46858173499 -0.370905767477 0.700461775106
1.53824554409 3.38232837738 1.64849878452 1.53824554409 3.38232837738 1.64849878452
0.161113265958 -1.41941794923 -1.43883366544 0.807484310058 -1.7854888698 -1.41570473441
-0.947854687419 0.150603559453 -0.037797427427 -0.220690765047 0.342228045824 0.551627498141
-3.0932566003 0.929480054398 -1.25655996905 -3.0932566003 0.929480054398 -1.25655996905
0.880659397216 -0.00763304108676 -0.153843152338 -0.291611664623 0.0941724825451 0.274605592861
0.315736164077 0.572928631876 -0.770812378477 0.53973040698 0.97112708604 -1.31698602459
0.89467592646 -0.881275869536 0.373175703468 1.23951280073 -1.63757293837 0.332098375535
0.696832294739 0.905624743013 4.52780548059 0.696832294739 0.905624743013 4.52780548059
-0.20315470427 -0.596922197501 -1.62724469812 0.0540409817259 -0.131934512908 -1.31209442687
0.0429603425243 0.0866511067631 1.39369166873 0.0690310326824 -0.369585404516 0.688520921607
2.62003440835 3.74193800067 -1.82332753021 2.62003440835 3.74193800067 -1.82332753021
0.628011037863 -1.69437777721 0.733747001166 0.30405681349 -0.826234203228 0.585720514952
-2.55127135542 -1.04976832635 -1.70050605952 -2.55127135542 -1.04976832635 -1.70050605952
0.141897984882 -0.799732696399 0.521197099055 0.625152032957 -1.77800112448 0.0913564861935
0.595719729246 -0.803591949046 0.534752765652 0.600191098172 -0.840458813774 0.287096331335
2.13356019607 -0.539793820122 1.00915243084 2.13356019607 -0.539793820122 1.00915243084
-0.932161160135 -0.286555222121 -0.887029942854 -0.954864963148 -0.214222237601 -0.794990889626
-0.158628811985 -0.347342235873 -1.09145916992 -0.691974344881 -0.67237242096 -1.07073125674
0.294403228231 0.364586486983 -0.250210602323 -0.504402813486 -0.494634335504 0.276258578281
1.0508261332 -0.30724566958 0.238120389591 0.472573859474 -0.239911813117 0.132760278597
0.816467275913 -1.18869246581 0.75669375104 0.576558018095 -1.11167981802 0.902725467927
0.00997485472248 -0.242590300512 3.11693869891 -0.111628691449 -0.318937806994 3.3625353744
-0.863028172699 -0.0829491149539 1.85022021472 -1.10859637582 0.12001331099 2.14833509267
1.54065490707 -0.240443544845 0.0630433290903 0.557213686157 -0.443422070219 -0.349011393801
-1.43798675022 -0.844594892878 -2.76377665516 -1.43798675022 -0.844594892878 -2.76377665516
-1.37907583899 -0.0752210475008 -1.49828041699 -1.153721925 -0.110131714049 -1.28286219693
-0.240832240218 0.226746223591 0.00217372623224 -0.984428014799 0.538348935108 0.0178596359939
-1.24025320787 -1.15824626565 -3.54927739542 -1.24025320787 -1.15824626565 -3.54927739542
-1.3699629519 0.256419120441 0.104518991553 -0.739616183494 -0.0680051544831 0.381759165539
1.60840705718 -1.31137302233 -0.0327421136495 0.89467592646 -0.881275869536 0.373175703468
-0.430503917818 3.23610748587 0.730695987795 -0.430503917818 3.23610748587 0.730695987795
0.189418069417 -1.99057875693 2.6694935471 0.189418069417 -1.99057875693 2.6694935471
-2.8674602953 3.00377335932 1.43834775905 -2.8674602953 3.00377335932 1.43834775905
-0.166428047613 0.769882413657 0.841395078609 -0.121613148486 0.780384849484 0.547418667117
1.59551048408 0.240553962961 -0.897429678708 1.59551048408 0.240553962961 -0.897429678708
-2.07885432669 0.532102498159 -0.678374612828 -2.07885432669 0.532102498159 -0.678374612828
0.630749395505 -0.881712201605 0.32699719797 0.496825375994 -0.644586136346 0.271487830237
0.605778137152 -0.297800482752 -0.143893873693 0.186193112593 -0.171031679861 -0.450284127292
0.664579601095 0.727746860206 0.102921844883 1.06964277666 0.722477023178 0.669004953547
2.50006218038 -1.13136416155 -4.60163023593 2.50006218038 -1.13136416155 -4.60163023593
1.8844368482 -0.435635099896 -0.781895811478 1.16927881547 -0.23363767936 -0.769213517664
-1.01108085774 -4.74531073816 4.26372632723 -1.01108085774 -4.74531073816 4.26372632723
-2.1745728177 1.24333598288 -0.983745600145 -2.1745728177 1.24333598288 -0.983745600145
-0.954864963148 -0.214222237601 -0.794990889626 -0.932161160135 -0.286555222121 -0.887029942854
0.831043648779 -0.591851699248 -1.28875712273 0.871634945235 0.0448677529084 -0.982446361009
1.15094271443 -1.38332497278 -0.801904307908 1.01870824184 -1.3218081321 -0.0634109695913
0.295452587907 2.18446052849 -1.39343238596 0.520091486374 1.72148900649 -1.16819988716
-0.226627799385 0.132016385804 0.498614665986 0.470405657752 -0.517510690445 1.17847417838
-0.449719884274 -0.953030762559 2.18219917454 -0.525240609744 -0.624389126975 1.99048801259
0.247142885897 -0.391696640117 -1.63524425047 0.247142885897 -0.391696640117 -1.63524425047
2.11756622915 0.236594203866 0.668352272041 1.52899286412 -0.331504236797 0.275356139052
0.154090138793 -0.881063387662 2.80208706808 -0.295263195785 -1.06718716305 2.82239840241
-0.434983712652 0.0166705520179 -1.75147877663 -0.203515948883 -0.162093473489 -1.80868912315
-0.203515948883 -0.162093473489 -1.80868912315 -0.745651117105 -0.207859837236 -1.89425135538
-0.504402813486 -0.494634335504 0.276258578281 -0.425157384393 -0.310048286208 0.44367631345
0.557213686157 -0.443422070219 -0.349011393801 0.952560189771 -0.524377474253 -0.45657342137
-5.69238091828 -2.68974598174 -1.79234182395 -5.69238091828 -2.68974598174 -1.79234182395
-0.526386403959 -0.60682051144 0.183966879756 -0.468338408659 -1.06119719229 0.642541764277
-0.113203716012 -0.4532906642 0.327288690478 -0.305555693974 -0.197977999892 -0.149632153146
1.29134669941 -1.38478725971 -2.7798052175 1.29134669941 -1.38478725971 -2.7798052175
-0.124037912969 0.305834064751 2.24706956213 -0.124037912969 0.305834064751 2.24706956213
-0.305555693974 -0.197977999892 -0.149632153146 -0.660343247703 -0.26698621567 -0.147392678098
-0.46374147745 -0.273593880465 0.953557531936 -1.06910148504 -0.276596954316 0.452560277073
-0.691974344881 -0.67237242096 -1.07073125674 -1.0587634087 -0.789058218945 -0.915476961171
-0.736353627829 0.251685948717 -0.187008858066 -0.383770115049 0.0552546981226 -0.512981667682
2.22881121477 -3.25547776217 -1.61331304864 2.22881121477 -3.25547776217 -1.61331304864
2.69390045533 -6.07540789458 1.00741635498 2.69390045533 -6.07540789458 1.00741635498
1.78906971699 0.518466442742 -0.805418089027 1.78906971699 0.518466442742 -0.805418089027
0.870045420872 0.344476800245 0.138640166567 0.652974201939 0.863357800759 -0.612591593815
1.24547159597 0.0260701162742 -0.586935195038 0.894696218804 0.389878911717 -0.555391429156
0.591235997238 0.160705170297 0.0540330842578 0.914018910476 0.330732657648 0.153628722029
-0.904384352503 0.193448915476 0.259311990164 -0.526386403959 -0.60682051144 0.183966879756
0.278001192154 -0.465757557907 0.841454469908 0.611717264908 -0.67086510938 0.745241688444
0.52804210268 -0.371675226088 0.696452452319 0.819673390548 -0.45127131245 0.627531944073
0.813912826173 1.5591796935 -0.192919729337 0.813912826173 1.5591796935 -0.192919729337
0.238746965315 0.157688993921 -0.552008435967 0.452260687066 -0.73275075112 -0.540104750977
1.05133537371 0.221429528976 -0.899848006785 1.02467992886 -0.493600464919 -0.599868911925
-0.466300690027 0.10703026375 0.784887361305 -0.00124794553113 -0.123994274699 0.912788591201
-0.12988246193 -0.189172991428 -0.152632751198 -0.548297897094 -0.484783681282 0.0574458901282
0.625152032957 -1.77800112448 0.0913564861935 0.209766381861 -1.44955284571 0.319881249602
-0.299744584388 -0.677635467808 -0.0834631628736 -0.121617826936 -0.276666930695 -0.117690235024
-0.739616183494 -0.0680051544831 0.381759165539 -0.929641850282 0.319960839558 0.589405904349
-0.039768293303 -1.01855571074 -0.640063307538 -0.355873703607 -1.62435019715 -0.808609092372
-0.414968091383 -0.0915819516978 0.718239400521 -0.113720513664 -0.426957536865 0.553927145679
0.0373292392277 1.9200538278 -1.32929322318 0.349893003995 0.842170270031 -1.22052970007
-0.666997994362 -1.22438182236 -1.31877986253 -0.039768293303 -1.01855571074 -0.640063307538
-0.307328786732 -0.774352151493 0.454080388477 -1.07882672199 -0.000774490283878 0.18760184187
7.71227860638 0.892338098708 1.21684839093 7.71227860638 0.892338098708 1.21684839093
0.549338990168 0.480065008923 0.532688568789 0.409154296847 0.838357332668 -0.161773076194
-0.386497964615 1.08050245466 1.21054779156 -0.386497964615 1.08050245466 1.21054779156
1.01870824184 -1.3218081321 -0.0634109695913 1.33956107162 -1.61810794764 0.0208819213009
1.44105996879 -1.02659159254 0.173702385927 1.60840705718 -1.31137302233 -0.0327421136495
1.03882542322 -0.156267052106 0.241324021544 0.480904196105 -0.0601088632523 0.173111815811
0.555192802988 2.58636088889 -0.140111684193 0.555192802988 2.58636088889 -0.140111684193
0.611717264908 -0.67086510938 0.745241688444 0.61459698795 -0.0549956335557 -0.119692061894
1.92870596144 -2.44595886029 -0.332743592363 1.92870596144 -2.44595886029 -0.332743592363
-0.346974050329 0.247989347938 1.1950977694 -0.346974050329 0.247989347938 1.1950977694
0.600191098172 -0.840458813774 0.287096331335 0.172397954827 -0.722467851212 0.168022233125
1.0417167558 -0.163867228468 0.153161200639 1.06198697182 -0.987835672013 0.0935574096045
-2.74971351411 -2.09740243778 -2.28592189546 -2.74971351411 -2.09740243778 -2.28592189546
-0.895624224564 2.80957668929 -1.67995959819 -0.895624224564 2.80957668929 -1.67995959819
0.61459698795 -0.0549956335557 -0.119692061894 0.479153175886 0.0380191847615 0.228103020255
-4.00457716836 1.41450882348 1.78577269143 -4.00457716836 1.41450882348 1.78577269143
0.0690310326824 -0.369585404516 0.688520921607 0.79033660981 -0.415957614774 0.961410158194
-1.51648958193 1.96430467146 3.63939828981 -1.51648958193 1.96430467146 3.63939828981
-1.8664535866 0.315379238655 -0.258816686591 -1.96464412783 0.649090587622 -0.177988349844
2.23397448475 -0.663103952242 3.185044049 2.23397448475 -0.663103952242 3.185044049
0.816420869074 0.706845904452 -0.28010526089 0.294403228231 0.364586486983 -0.250210602323
-0.290460685085 0.627487038804 0.137052860226 0.058724794331 0.737757587122 0.233465360829
-0.283828904236 -0.768978022529 1.85112911485 0.313046148011 -0.182366586512 1.19517449252
1.2376191993 2.70626453679 3.14765198462 1.2376191993 2.70626453679 3.14765198462
-0.00124794553113 -0.123994274699 0.912788591201 0.141897984882 -0.799732696399 0.521197099055
0.652452819162 -0.213413507651 0.28751272382 0.658211125705 -0.215288650289 -0.00966344856022
-0.527144681762 -0.305413817616 0.958922394176 -0.032781456456 -0.529761468703 0.534052435823
-0.745651117105 -0.207859837236 -1.89425135538 -0.666997994362 -1.22438182236 -1.31877986253
1.61913598908 -0.051886501284 0.548820967727 1.36393407755 -0.223025464262 0.626473949443
-1.24379297129 1.66152985721 0.22703501321 -1.24379297129 1.66152985721 0.22703501321
-0.553132170938 2.86568824981 -9.37965576583 -0.553132170938 2.86568824981 -9.37965576583
0.054577038079 0.411052422819 0.544783192626 0.054577038079 0.411052422819 0.544783192626
-0.987423800198 -1.1490262853 -0.874610403226 -0.943868711292 -0.726805813398 -0.869386129338
0.936803948716 -0.418131710508 0.563451528727 0.605778137152 -0.297800482752 -0.143893873693
-0.280306886341 -0.945633699756 0.0975725425309 -0.527144681762 -0.305413817616 0.958922394176
0.526770599934 -1.24088651767 -0.955565152898 0.247413552085 -1.65147402716 -0.470024449178
2.63493889991 2.39265828501 -1.97323585542 2.63493889991 2.39265828501 -1.97323585542
0.850406630423 -1.04590103297 5.43325676936 0.850406630423 -1.04590103297 5.43325676936
-0.856139559198 -0.42027651588 -0.493682536414 -0.966152886758 -0.334360249155 -0.314667678144
-1.164073383 1.11344910025 0.507554322316 -1.10734012782 1.46453486703 0.719551657152
0.452951464769 2.55306387871 -1.40108664239 0.295452587907 2.18446052849 -1.39343238596
0.631789490369 -0.285495143073 -0.67193428237 1.21475851674 -0.415048107941 -1.37970062525
0.915896664645 -0.796138346118 -0.973278957859 1.24547159597 0.0260701162742 -0.586935195038
-0.794324873159 -0.205583017805 0.6132433804 -1.25686122121 0.382177953879 -0.304388068291
-1.65129135682 -2.93950090899 -1.01613801236 -1.65129135682 -2.93950090899 -1.01613801236
0.409154296847 0.838357332668 -0.161773076194 0.155875852913 1.24202998682 -0.361464473171
