-0.983403920064 -0.0297661790056 -0.17897123956
0.614745911698 0.655864741063 0.438096913344
-0.743653547814 -0.49398818917 0.45050534934
0.739201520497 -0.12591057172 -0.661609885071
0.995502292287 0.034203106719 0.0883477987351
-0.168046253499 0.847492975969 0.503503835505
0.21729807975 0.955593644138 -0.19905359032
-0.54881423739 0.271560030309 -0.790606148962
-0.010647679347 -0.591713171495 0.806078252779
-0.635406763666 0.757439583232 -0.150145004715
-0.18394701015 -0.976050726597 0.116139900838
-0.788851846258 0.329677239253 0.518676857566
0.36724644164 -0.81267931127 -0.452418377319
0.00500937126883 -0.293900732372 -0.955822821296
-0.572273288817 -0.642431771368 -0.509690790621
0.608495059953 -0.0719285759445 0.790291112171
0.615553520312 -0.723744640854 0.311909535708
0.23157623951 0.474881856801 -0.849034550166
-0.134509098243 0.189760289195 0.97257304874
