0.0503159586682 0.0688300872995
0.178960482605 0.0735717913012
0.311553672584 0.0608320947554
0.434286342741 0.0678728971453
0.557775988786 0.0612537397899
0.678011981495 0.0644075692155
0.798179182738 0.0680138926715
0.928479838681 0.0713204729912
0.0563629071347 0.189623084926
0.190576703441 0.198026957324
0.32269020587 0.193309912264
0.443287432196 0.193125645032
0.563580150327 0.191179367185
0.690918898696 0.184287474573
0.8125 0.1875
0.937182803677 0.205595050467
0.0592976082287 0.316324986709
0.180346054697 0.322279581983
0.300008173349 0.311809121683
0.423973958908 0.317236455693
0.552989331849 0.312703881271
0.686041767003 0.311234476664
0.815949574612 0.313569403872
0.939512098422 0.326729206702
0.0555835145737 0.445538920526
0.190059859276 0.445049293239
0.313131496274 0.433701855071
0.43376780694 0.441127903994
0.561371709561 0.43877301118
0.684883507346 0.433588475008
0.810802400834 0.439744150665
0.930348587907 0.446703997093
0.0696140806823 0.564562517862
0.19250701978 0.566706190418
0.31699736962 0.558496750642
0.437620537357 0.564535342307
0.577988146682 0.558268518047
0.699339318305 0.575478868438
0.818273699928 0.561852367062
0.940425151201 0.57272802185
0.0578430978325 0.685445676472
0.188213179405 0.690037837721
0.310025245429 0.690382948308
0.432378428062 0.684658225367
0.56552427103 0.682340635002
0.688005110476 0.695713325351
0.812172592072 0.693051020103
0.937645533818 0.696142931161
0.0585448286351 0.805199631861
0.179317808438 0.81469791476
0.309198112515 0.811230871358
0.440614690571 0.821430718933
0.560088303868 0.806033470671
0.690389341617 0.817953260981
0.811556110784 0.820002677627
0.932358934115 0.82597792209
0.059229380695 0.937089400637
0.180586152111 0.938473774953
0.303331805556 0.93093185874
0.42490450088 0.946336891068
0.55583235638 0.938303500409
0.68365739778 0.939560589244
0.81395178205 0.94098017726
0.939330343255 0.947230650382
